,0,1,2,3,4,5,6,7,8,9,10,11,12,13,14,15,restimulus
622292,3.862641583165593,4.708502946797421,1.7888543819998317,1.5231546211727816,1.4798648586948742,1.1661903789690602,1.6340134638368191,5.423098745182499,2.2671568097509267,1.6941074346097416,1.5,1.40356688476182,1.3152946437965904,1.3152946437965904,1.5459624833740306,2.282542442102665,0
343054,11.115304764152892,6.911584478250989,2.29128784747792,1.933907960581372,2.0346989949375804,4.512205669071391,5.118593556827891,10.95810202544218,11.192408141235736,5.935486500700679,2.172556098240043,1.760681686165901,1.9595917942265424,2.4899799195977463,2.817800560721074,10.224480426897006,0
30108,1.6462077633154328,1.5,1.5066519173319364,1.5905973720586866,1.8384776310850235,1.6093476939431082,5.2687759489277965,3.461213659975356,1.5524174696260025,1.6217274740226857,1.5491933384829668,2.495996794869737,3.844476557348217,2.374868417407584,5.712267500739089,1.949358868961793,0
130647,7.154019849007969,17.474552927042225,4.953786430600334,2.0591260281974,1.61245154965971,1.841195263952197,1.5459624833740306,5.9169248769948055,5.953990258641679,14.57669372663088,4.58475735453906,1.705872210923198,1.5099668870541498,1.4352700094407325,1.8138357147217052,2.5748786379167465,0
350779,3.8183766184073566,2.313006701244076,1.7349351572897471,1.452583904633395,1.5394804318340654,1.783255450012701,3.052867504494749,8.222530024268686,2.046948949045872,1.7233687939614086,1.6673332000533063,1.6492422502470645,1.5652475842498528,1.9131126469708992,1.9849433241279208,1.7916472867168918,0
544958,2.2561028345356955,2.8160255680657444,2.453568829277059,2.2869193252058544,1.5231546211727816,2.154065922853801,1.1874342087037917,2.406241883103193,6.84324484437025,5.4808758424178885,2.7073972741361767,1.8973665961010275,3.3000000000000003,1.6031219541881396,2.258317958127243,5.342284155677232,0
564467,2.2494443758403984,2.4166091947189146,1.5588457268119895,1.835755975068582,1.6186414056238645,1.4832396974191326,1.374772708486752,2.968164415931166,7.879086241436884,4.288356328478313,1.8947295321496416,1.4832396974191326,1.6340134638368191,1.469693845669907,2.3021728866442674,5.682429058070149,0
663577,6.6385239323211,1.8384776310850235,1.783255450012701,1.5491933384829668,1.8193405398660247,1.4142135623730951,1.9364916731037085,8.517041739947034,2.1213203435596424,1.676305461424021,1.6278820596099706,1.5716233645501712,1.4142135623730951,1.284523257866513,1.5842979517754858,3.586084215408221,0
406437,4.862098312457287,3.0789608636681307,2.433105012119288,1.407124727947029,1.4594519519326423,1.493318452306808,2.0976176963403037,7.39459261893446,2.7838821814150108,4.15571895103603,3.1192947920964444,1.6792855623746663,1.4798648586948742,1.4387494569938155,2.102379604162864,6.619667665374147,0
590290,2.433105012119288,2.2715633383201093,1.70293863659264,2.0074859899884734,1.374772708486752,1.2206555615733703,1.3304134695650072,4.539823785126467,4.069397989875161,4.849742261192857,2.4041630560342617,1.4832396974191326,1.3152946437965904,1.5329709716755893,2.328089345364563,6.2833112289620034,0
654387,7.2725511342306834,7.307530362578044,2.527844931952908,1.6492422502470645,1.783255450012701,1.5748015748023625,2.4617067250182343,5.869412236331676,4.537620521815371,3.3166247903554,1.5748015748023625,1.4866068747318506,1.4560219778561037,3.1906112267087634,1.7204650534085253,2.2494443758403984,0
92443,7.619711280619496,1.9672315572906005,1.5588457268119895,1.3304134695650072,1.3416407864998738,1.296148139681572,1.3,3.2526911934581184,1.61245154965971,1.5362291495737217,1.5652475842498528,1.6093476939431082,1.452583904633395,1.4594519519326423,1.5874507866387544,2.0322401432901573,0
453372,2.563201123595259,3.106444913401813,1.5524174696260025,1.4422205101855958,1.7291616465790582,1.5811388300841898,1.697056274847714,1.8841443681416767,5.620498198558559,3.5327043465311387,1.6733200530681511,2.019900987672416,2.004993765576342,1.876166303929372,2.313006701244076,3.2848135411313684,0
578122,2.08806130178211,2.37065391822594,1.6792855623746663,1.841195263952197,1.3601470508735445,1.5491933384829668,1.51657508881031,5.865151319446072,2.86879765755621,4.217819341792628,2.107130750570548,1.5905973720586866,1.4212670403551897,1.5132745950421556,2.1748563170931545,5.265928218272634,0
381238,6.565059024867941,2.004993765576342,1.6492422502470645,1.4317821063276353,1.676305461424021,1.4628738838327795,1.7635192088548397,5.443344560102731,2.7331300737432898,1.407124727947029,1.4798648586948742,1.5937377450509227,1.4798648586948742,1.3892443989449803,2.4228082879171438,8.802840450672726,0
40456,1.7578395831246945,1.5362291495737217,1.5066519173319364,1.4422205101855958,1.378404875209022,1.445683229480096,3.558089374931439,2.814249455894058,1.396424004376894,1.743559577416269,1.6583123951777,1.8708286933869709,2.433105012119288,1.8734993995195195,2.725802634087802,1.6822603841260722,0
146570,11.8911731969558,3.4899856733230297,2.9832867780352594,1.664331697709324,1.5198684153570663,1.407124727947029,1.8110770276274832,8.148005891014071,2.1095023109728985,2.1118712081942874,3.598610843089316,1.7916472867168918,1.3527749258468684,1.4,1.7549928774784245,3.2264531609803355,0
216600,16.239458119038332,16.23884232326923,8.812491134747313,4.233202097703345,9.585405573057407,6.802940540677979,7.842831121476478,7.285602240034794,15.0186550662834,8.420213774008355,3.4641016151377544,7.762087348130012,4.401136216933078,4.835286961494633,2.821347195933177,6.881860213634101,0
256915,19.590048494069634,12.803515142334936,2.345207879911715,2.004993765576342,6.629479617586889,3.0,17.574413219222997,8.19756061276768,11.499565209172042,3.283291031876401,2.220360331117452,3.361547262794322,4.205948168962618,7.899367063252599,8.404165633779478,12.924395537122807,0
328528,10.392304845413264,2.3043437243605824,2.0,1.8083141320025125,1.705872210923198,1.8466185312619388,17.60766878379986,7.613146524269712,7.131619731870173,2.0445048300260877,1.8138357147217052,1.5874507866387544,1.6186414056238645,4.3977266854592045,5.376802023508025,8.316249154516717,0
47349,1.224744871391589,1.3490737563232045,1.2,1.3416407864998738,1.5459624833740306,1.3527749258468684,2.6457513110645907,1.5,1.2649110640673518,1.4798648586948742,1.4142135623730951,1.969771560359221,2.23606797749979,1.6552945357246849,2.233830790368868,1.4247806848775006,0
284762,10.300485425454472,3.770941526992961,2.202271554554524,2.0174241001832014,1.9390719429665315,1.9261360284258224,18.433393610510247,7.6583287994183165,11.283616441549224,8.325262758616091,2.3021728866442674,1.9570385790780929,2.4248711305964283,5.309425580983314,4.607602413403309,6.3498031465550175,0
589814,2.295648056649799,2.1908902300206643,1.3856406460551018,1.7378147196982767,1.32664991614216,1.3416407864998738,1.2328828005937953,3.756327994198589,3.514256678161116,3.772267222772003,1.786057109949175,1.5652475842498528,1.6462077633154328,1.4317821063276353,2.360084744241189,6.760917097554148,0
703644,6.864400920692205,1.6911534525287764,1.5459624833740306,1.296148139681572,1.786057109949175,1.3820274961085253,1.9874606914351791,9.096702699330129,2.894822965226026,1.624807680927192,1.5620499351813308,1.5394804318340654,1.3490737563232045,1.5362291495737217,1.7663521732655694,4.298837052040936,0
460357,2.1977260975835917,2.313006701244076,1.5684387141358125,1.4142135623730951,1.3228756555322954,1.2609520212918492,1.3638181696985856,1.7888543819998317,2.0346989949375804,1.865475810617763,1.4247806848775006,1.5652475842498528,1.4106735979665883,1.3928388277184118,1.466287829861518,1.7776388834631178,0
10795,1.6822603841260722,1.6792855623746663,1.489966442575134,1.4832396974191326,1.4247806848775006,1.3601470508735445,3.8013155617496426,3.7669616403674726,1.5132745950421556,1.503329637837291,1.452583904633395,1.6462077633154328,1.9131126469708992,1.6552945357246849,2.0952326839756963,1.5811388300841898,0
166498,5.759340239992772,2.630589287593181,1.857417562100671,1.5905973720586866,1.284523257866513,1.2569805089976536,1.4177446878757824,5.652433104425032,1.8384776310850235,1.746424919657298,1.705872210923198,1.6031219541881396,1.493318452306808,1.2649110640673518,1.5491933384829668,1.8055470085267789,0
600178,2.3173260452512934,2.9647934160747185,2.0024984394500787,1.8947295321496416,1.4628738838327795,1.42828568570857,1.2806248474865698,3.5958309192730407,3.7403208418530087,7.112664760833312,3.0919249667480613,1.503329637837291,1.4247806848775006,1.5066519173319364,2.360084744241189,6.220128616033595,0
608963,2.2561028345356955,2.0976176963403037,1.4352700094407325,1.5874507866387544,1.5066519173319364,1.2922847983320085,1.2083045973594573,2.142428528562855,1.816590212458495,3.984971769034255,1.8973665961010275,1.503329637837291,1.3,1.407124727947029,1.5556349186104046,2.884441020371192,0
697929,7.322567855609123,2.027313493271329,1.7578395831246945,1.503329637837291,1.7691806012954132,1.4730919862656235,1.8788294228055933,9.76012295004525,2.6267851073127395,2.019900987672416,1.7549928774784245,1.6340134638368191,1.3490737563232045,1.374772708486752,1.9157244060668015,4.619523784980439,0
239583,8.163945124754331,3.831448812133603,1.9544820285692064,1.4560219778561037,1.5716233645501712,2.364318083507378,1.374772708486752,3.2109188716004646,4.2343830719480255,3.1240998703626617,2.233830790368868,2.345207879911715,2.701851217221259,1.8894443627691184,1.8601075237738276,4.346262762420146,0
655888,11.820744477400735,16.082599292402953,5.692978130996113,2.6739483914241875,5.596427431853289,5.321653878260029,6.456779382943171,10.7289328453486,7.76530746332687,7.5960516059331775,4.113392760240627,4.198809355043403,4.68187996428785,8.998333178983762,5.8702640485756685,5.672741841473134,0
27929,21.27580785775243,14.558502670261117,3.887158345115362,2.2561028345356955,3.046309242345563,10.943491216243562,8.524083528450435,8.646386528486914,18.72004273499396,6.686553671361653,3.1,2.2605309110914638,4.160528812542944,5.712267500739089,7.8943017423962205,16.448708155961672,0
35988,1.5264337522473748,1.8547236990991407,1.6552945357246849,1.5264337522473748,1.746424919657298,1.5620499351813308,3.926830783214372,3.357082066318904,1.5748015748023625,1.94164878389476,1.5811388300841898,2.353720459187964,3.069201850644561,2.186321110907545,2.973213749463701,1.6941074346097416,0
190881,3.427827300200522,4.832183771339828,5.293392107146419,1.7320508075688772,2.247220505424423,1.469693845669907,1.449137674618944,2.2671568097509267,15.7175061635108,6.846166810705097,2.7367864366808017,3.443835071544513,3.3541019662496847,6.019136150644875,2.505992817228333,5.021951811795888,0
104798,8.736704184073076,25.213290146270083,6.178996682310163,1.997498435543818,1.6,1.4,1.760681686165901,5.901694671871801,6.925315877272314,13.096182649917496,2.9342801502242417,1.8601075237738276,1.5491933384829668,1.4247806848775006,1.6278820596099706,2.576819745345025,0
429807,3.856163896931768,1.772004514666935,1.4560219778561037,1.2609520212918492,1.6941074346097416,1.783255450012701,2.7313000567495327,6.745368781616021,2.149418526020468,1.6822603841260722,1.5427248620541512,1.5491933384829668,1.40356688476182,1.378404875209022,1.7233687939614086,5.275414675643991,0
169330,2.7910571473905725,2.2293496809607958,1.797220075561143,1.3674794331177345,1.3527749258468684,1.3527749258468684,1.3820274961085253,4.594562003064057,1.7175564037317668,2.213594362117865,1.9313207915827968,1.452583904633395,1.4422205101855958,1.3527749258468684,1.6552945357246849,1.697056274847714,0
712978,4.835286961494633,1.7691806012954132,1.489966442575134,1.5394804318340654,1.6,1.4352700094407325,1.5,6.830812543175226,2.0024984394500787,1.4832396974191326,1.5556349186104046,1.4,1.3856406460551018,1.2688577540449522,1.4798648586948742,4.0484564959994325,0
504985,4.316248370981447,1.7291616465790582,1.3820274961085253,1.5099668870541498,1.2609520212918492,1.4628738838327795,3.1968734726291563,2.817800560721074,2.1,1.705872210923198,1.624807680927192,1.3856406460551018,1.40356688476182,1.752141546793523,2.4083189157584592,5.120546845796843,0
373008,9.415943925066674,13.773888339898797,2.6457513110645907,1.876166303929372,1.833030277982336,2.56124969497314,3.163858403911275,3.3211443810831227,12.824975633505115,4.104875150354759,1.5491933384829668,1.6583123951777,1.6522711641858303,1.47648230602334,1.5748015748023625,2.946183972531247,0
474379,2.576819745345025,5.005996404313531,1.6093476939431082,1.4247806848775006,1.284523257866513,1.3341664064126333,1.2884098726725126,1.6186414056238645,2.1563858652847827,1.82208671582886,1.5968719422671311,1.3674794331177345,1.3674794331177345,1.374772708486752,1.3453624047073711,1.5842979517754858,0
308405,3.5355339059327378,11.034038245356957,1.7146428199482249,1.835755975068582,1.4798648586948742,1.224744871391589,1.4,3.0298514815086235,4.608687448721165,6.731270311018568,2.3021728866442674,1.4866068747318506,1.4,1.4142135623730951,1.7888543819998317,2.247220505424423,0
605444,2.179449471770337,2.584569596664017,2.0639767440550294,1.6309506430300091,1.469693845669907,1.5231546211727816,1.3564659966250536,3.570714214271425,2.7477263328068173,7.18192174839019,2.222611077089287,1.6155494421403511,1.42828568570857,1.4832396974191326,1.905255888325765,4.445222154178574,0
52848,4.334743360338648,2.238302928559939,1.4594519519326423,1.2806248474865698,1.2449899597988732,1.5264337522473748,1.4966629547095769,3.651027252705737,2.0952326839756963,1.6031219541881396,1.4422205101855958,1.2609520212918492,1.2922847983320085,1.624807680927192,2.619160170741759,2.929163703175362,0
611083,2.41039415863879,3.972404813208241,2.6210684844162317,2.4515301344262523,1.4317821063276353,2.3811761799581315,1.2922847983320085,2.734958866235469,2.9933259094191533,5.56506963119061,2.7129319932501077,1.6552945357246849,2.7838821814150108,3.281767816284388,1.91049731745428,4.288356328478313,0
156466,5.81033561853358,1.7291616465790582,1.7320508075688772,1.6401219466856725,1.407124727947029,1.2328828005937953,1.5588457268119895,8.215838362577491,1.51657508881031,1.3892443989449803,1.4247806848775006,1.5588457268119895,1.47648230602334,1.3711309200802089,2.658947160061666,5.299056519796708,0
380478,8.227393268830657,1.933907960581372,1.489966442575134,1.4352700094407325,1.3711309200802089,1.4422205101855958,1.8734993995195195,6.315853069855251,3.077336510685824,1.6093476939431082,1.5099668870541498,1.47648230602334,1.5362291495737217,1.5,2.092844953645635,9.600520819205592,0
206653,1.8466185312619388,3.2186953878862163,2.8035691537752374,1.3152946437965904,1.3892443989449803,1.3453624047073711,1.1445523142259597,2.009975124224178,1.6522711641858303,6.238589584192889,4.343961325794695,1.6309506430300091,1.3152946437965904,1.4628738838327795,1.3453624047073711,1.4560219778561037,0
438980,3.179622619116929,4.906118628814432,1.7691806012954132,1.2922847983320085,1.5362291495737217,1.3490737563232045,1.5716233645501712,2.0518284528683197,6.946221994724902,3.306055050963308,1.816590212458495,1.61245154965971,1.5491933384829668,1.5459624833740306,1.786057109949175,2.5079872407968904,0
105216,6.273754856543249,16.92572007330855,4.13158565202272,1.8055470085267789,1.3152946437965904,1.3453624047073711,1.2806248474865698,4.98998997994986,3.5958309192730407,8.340263784797218,2.0074859899884734,1.70293863659264,1.4247806848775006,1.3038404810405295,1.489966442575134,2.073644135332772,0
389005,6.550572494064927,8.665448632355973,2.477902338672773,1.89208879284245,1.7635192088548397,3.361547262794322,4.3335897360040905,3.395585369269929,4.896937818678118,2.80178514522438,1.7663521732655694,1.6340134638368191,1.6031219541881396,1.8814887722226776,1.7175564037317668,3.014962686336267,0
154236,2.414539293529927,1.7088007490635062,1.5394804318340654,1.4387494569938155,1.2806248474865698,1.3114877048604,1.3674794331177345,3.138470965295043,1.47648230602334,1.5937377450509227,1.5556349186104046,1.6309506430300091,1.32664991614216,1.3453624047073711,1.4,1.4798648586948742,0
203125,15.663332978647936,6.001666435249463,2.4041630560342617,1.8708286933869709,1.6941074346097416,1.746424919657298,2.3151673805580453,7.683749084919419,8.704596486914255,3.576310948449533,1.6852299546352716,1.5968719422671311,1.3564659966250536,1.4352700094407325,1.969771560359221,3.144837038703278,0
632076,4.150903516103452,4.340506882842141,2.1166010488516727,1.4628738838327795,1.47648230602334,1.3114877048604,1.9131126469708992,3.558089374931439,3.793415347678132,3.556683848755748,1.70293863659264,1.3564659966250536,1.449137674618944,1.5099668870541498,1.7691806012954132,2.0074859899884734,0
59601,2.549509756796392,1.374772708486752,1.2688577540449522,1.3856406460551018,1.4798648586948742,4.249705872175156,6.151422599691879,5.067543783727971,1.969771560359221,1.5842979517754858,1.3416407864998738,1.7175564037317668,2.549509756796392,3.898717737923585,3.2295510523910287,6.788961628997472,0
267759,11.97539143410352,8.865100112237876,2.215851980616034,1.7578395831246945,2.2737634001804143,2.778488797889961,14.286357128393508,5.055689863905815,7.798076685952761,2.961418578992169,1.676305461424021,2.085665361461421,2.6814175355583845,6.079473661428265,10.885311203635842,8.473488065725943,0
498990,1.8681541692269408,1.4832396974191326,1.3638181696985856,1.3038404810405295,1.2328828005937953,1.5,3.024896692450835,1.6792855623746663,1.4247806848775006,1.466287829861518,1.4866068747318506,1.307669683062202,1.4352700094407325,2.1095023109728985,2.891366458960192,2.3430749027719964,0
492244,2.431049156228644,4.03732584763727,1.7262676501632068,1.3416407864998738,1.2806248474865698,1.4798648586948742,1.1357816691600546,1.6552945357246849,2.3832750575625967,2.1,1.4866068747318506,1.4212670403551897,1.3379088160259651,1.1532562594670797,1.296148139681572,1.51657508881031,0
14149,1.6401219466856725,1.6401219466856725,1.3856406460551018,1.3856406460551018,1.32664991614216,1.2041594578792296,1.4142135623730951,3.683748091278773,1.5842979517754858,1.3527749258468684,1.2409673645990855,1.5652475842498528,1.6309506430300091,1.407124727947029,1.7291616465790582,1.7888543819998317,0
197615,5.10098029794274,11.586630226256467,3.8483762809787714,1.89208879284245,3.8431757701151272,2.328089345364563,1.7,3.2310988842807022,1.7804493814764857,4.454211490264018,3.623534186398688,1.7578395831246945,1.5,1.378404875209022,1.5099668870541498,2.3108440016582685,0
3437,1.5620499351813308,1.3416407864998738,1.378404875209022,1.2727922061357857,1.2727922061357857,1.2489995996796797,2.046948949045872,3.0446674695276656,1.19582607431014,1.2922847983320085,1.3856406460551018,1.4387494569938155,1.40356688476182,1.5198684153570663,1.8,1.697056274847714,0
706121,4.88978527135906,1.8520259177452132,1.7146428199482249,1.469693845669907,1.6583123951777,1.3190905958272918,1.7291616465790582,8.261355820929152,1.772004514666935,1.5652475842498528,1.7146428199482249,1.489966442575134,1.3638181696985856,1.2165525060596438,1.688194301613413,2.2293496809607958,0
519614,1.5264337522473748,1.4142135623730951,1.3228756555322954,1.3490737563232045,1.374772708486752,1.2884098726725126,1.2369316876852985,1.3820274961085253,1.4317821063276353,1.5748015748023625,1.378404875209022,1.3674794331177345,1.4966629547095769,1.3638181696985856,1.5231546211727816,1.4730919862656235,0
622340,3.862641583165593,4.708502946797421,1.7888543819998317,1.5231546211727816,1.4798648586948742,1.1661903789690602,1.6340134638368191,5.423098745182499,2.2671568097509267,1.6941074346097416,1.5,1.40356688476182,1.3152946437965904,1.3152946437965904,1.5459624833740306,2.282542442102665,0
351394,6.83593446428504,2.2671568097509267,2.0322401432901573,1.6552945357246849,1.772004514666935,1.9,2.664582518894845,9.47417542586161,2.495996794869737,1.7691806012954132,1.8681541692269408,1.876166303929372,1.5874507866387544,1.7088007490635062,2.3345235059857505,4.324349662087931,0
547548,2.511971337416094,6.699253689777691,1.8601075237738276,2.0322401432901573,1.4177446878757824,1.3674794331177345,1.3856406460551018,4.077989700820736,10.17742600071354,4.611941023040083,2.584569596664017,1.7262676501632068,1.606237840420901,1.5684387141358125,2.0663978319771825,4.371498598878879,0
658726,7.126710321038733,7.498666548127074,2.477902338672773,1.6852299546352716,1.4730919862656235,1.3304134695650072,1.8788294228055933,11.435908359199107,4.179712908801273,3.420526275297414,1.6583123951777,1.469693845669907,1.40356688476182,1.3856406460551018,1.9287301521985911,4.414748010928823,0
216113,10.573079021741965,4.886716689148247,2.04939015319192,1.5652475842498528,1.5524174696260025,1.6,1.772004514666935,5.214403129793476,3.283291031876401,2.835489375751565,1.865475810617763,1.6941074346097416,1.5231546211727816,1.3928388277184118,2.220360331117452,3.477067730142742,0
559649,2.262741699796952,5.36842621258782,3.874274125562103,2.9748949561287032,1.6613247725836149,1.5362291495737217,1.5905973720586866,5.01098792654702,15.12084653714864,7.610519036176179,3.788139384975162,1.9544820285692064,2.3874672772626644,1.5066519173319364,2.4041630560342617,5.914389233048498,0
541198,2.1118712081942874,4.655104724922953,2.0518284528683197,2.4228082879171438,1.9364916731037085,4.745524207081869,1.4798648586948742,2.6795522013948525,3.898717737923585,5.984145720150872,2.5377155080899043,2.0,5.438749856354859,3.978693252815552,2.846049894151541,4.243819034784589,0
69242,1.3341664064126333,1.3453624047073711,1.1874342087037917,1.2884098726725126,1.2206555615733703,1.7,1.63707055437449,2.379075450674064,1.3711309200802089,1.32664991614216,1.3674794331177345,1.3416407864998738,1.396424004376894,1.5329709716755893,1.743559577416269,1.3564659966250536,0
408513,9.661780374237452,5.389805191284746,2.445403852127497,1.6673332000533063,1.7146428199482249,1.70293863659264,2.569046515733026,11.273420066687835,5.272570530585627,3.5270384177096794,2.5039968051097827,1.82208671582886,1.606237840420901,1.8083141320025125,4.1303752856126765,9.193475947648963,0
68225,4.802082881417188,2.177154105707724,1.4352700094407325,1.3304134695650072,1.4212670403551897,2.6343879744638983,2.9,5.127377497317708,3.9153543900903776,2.1748563170931545,1.9,1.5231546211727816,1.5394804318340654,2.29128784747792,5.9808026217222725,8.129575634681062,0
341746,13.737539808859518,11.71110584018435,3.026549190084311,2.3151673805580453,2.590366769397724,4.853864439804639,5.901694671871801,16.133195591698502,11.852004049948684,7.12460525222275,2.4738633753705965,2.6457513110645907,3.0413812651491097,4.08656334834051,4.6508063816933936,13.612861565446114,0
130293,10.178899744078434,12.466354719804825,3.765634076752546,2.0663978319771825,1.5264337522473748,1.7691806012954132,1.5491933384829668,5.979966555090421,5.223025942880239,21.58031510427964,8.388086790204307,2.351595203260969,1.407124727947029,1.4352700094407325,2.636285265292813,5.217278984298233,0
155965,5.736723803705386,1.992485884517128,1.9287301521985911,1.5132745950421556,1.3379088160259651,1.1916375287812984,1.47648230602334,6.203224967708329,1.493318452306808,1.5620499351813308,1.5811388300841898,1.3190905958272918,1.2165525060596438,1.4106735979665883,1.3928388277184118,1.5459624833740306,0
196346,17.947423213375227,4.018706259482023,2.937686164313676,1.9157244060668015,1.772004514666935,1.6431676725154984,2.0248456731316584,6.5069193939989765,2.5475478405713994,4.952776998815917,3.3241540277189325,1.8303005217723127,1.32664991614216,1.4317821063276353,2.0248456731316584,3.3000000000000003,0
609290,2.395829710142188,2.1354156504062622,1.47648230602334,1.6031219541881396,1.3152946437965904,1.2449899597988732,1.2083045973594573,2.0663978319771825,1.8303005217723127,4.637887450122092,1.7349351572897471,1.5362291495737217,1.3379088160259651,1.4,1.711724276862369,2.72213151776324,0
313849,4.406812907306141,2.102379604162864,1.8520259177452132,1.8439088914585773,1.5132745950421556,1.3638181696985856,1.489966442575134,3.4828149534536,2.0322401432901573,2.0174241001832014,1.9390719429665315,1.743559577416269,1.42828568570857,1.3527749258468684,1.57797338380595,2.19317121994613,0
612147,1.9390719429665315,4.266145801540309,1.6852299546352716,1.6583123951777,1.6186414056238645,1.905255888325765,1.6492422502470645,4.451965857910413,9.256889326334198,4.874423042781577,2.1977260975835917,1.6941074346097416,1.4560219778561037,1.6733200530681511,2.4020824298928627,6.254598308444756,0
566037,2.3043437243605824,3.3211443810831227,3.4176014981270124,4.076763422127902,1.6031219541881396,1.5,1.466287829861518,3.5637059362410923,4.440720662234903,8.299397568498572,3.407345007480164,1.7,1.5231546211727816,1.5297058540778354,2.149418526020468,4.065710270051224,0
354869,8.561541917201597,13.05909644653871,2.98496231131986,2.009975124224178,1.9519221295943132,2.6210684844162317,3.1827660925679098,7.055494312945054,10.75220907534819,3.862641583165593,1.82208671582886,2.056696380120313,1.7146428199482249,1.8708286933869709,2.224859546128699,3.443835071544513,0
199395,9.406912352095134,3.517101079013795,3.237282811247729,1.688194301613413,1.452583904633395,1.4966629547095769,1.7578395831246945,3.560898762952971,2.078460969082653,4.623851208678757,4.294182110716778,1.982422760159901,1.5491933384829668,1.4,2.102379604162864,2.603843313258308,0
64589,1.6522711641858303,1.982422760159901,1.489966442575134,1.1532562594670797,1.2569805089976536,1.2727922061357857,1.4,3.566510900025402,2.06881608655772,2.5865034312755126,1.6340134638368191,1.3711309200802089,1.4560219778561037,1.449137674618944,2.029778313018444,2.463736998950984,0
429512,3.972404813208241,1.8303005217723127,1.8027756377319943,1.6,1.5716233645501712,2.3727621035409343,3.3734255586866,7.351190379795642,2.5219040425836985,1.5524174696260025,1.697056274847714,1.5620499351813308,1.4594519519326423,1.5099668870541498,1.7916472867168918,6.267375846396959,0
61278,2.1447610589527217,3.4669871646719432,1.982422760159901,1.3892443989449803,1.489966442575134,1.4422205101855958,3.2264531609803355,4.852834223420372,2.9832867780352594,8.030566605165541,2.86705423736629,1.94164878389476,2.395829710142188,2.213594362117865,3.1859064644147983,2.0420577856662137,0
215378,8.511756575466665,6.391400472509918,2.903446228191595,1.5524174696260025,1.4212670403551897,1.5652475842498528,1.6431676725154984,4.913247398615299,3.260368077380221,5.3516352641038605,4.095119045888654,1.91049731745428,1.4594519519326423,1.466287829861518,1.7146428199482249,3.2680269276736382,0
620987,6.880406964707829,12.426182036329582,3.911521443121589,1.9026297590440449,1.7748239349298849,2.06881608655772,2.937686164313676,3.811823710509184,6.016643582596529,4.197618372363071,1.740689518552921,1.5937377450509227,1.5842979517754858,6.081118318204308,1.743559577416269,2.04939015319192,0
152247,3.705401462729781,2.389560629069704,2.0371548787463363,1.697056274847714,1.3416407864998738,1.32664991614216,1.4422205101855958,4.07308237088326,1.624807680927192,1.8466185312619388,3.0708305065568173,1.8894443627691184,1.3190905958272918,1.407124727947029,1.5231546211727816,2.295648056649799,0
450084,3.4,7.6954532030283955,2.56124969497314,1.865475810617763,3.7107950630558943,2.0760539492026693,1.4832396974191326,2.083266665599966,10.483797022071728,4.389760813529594,2.0322401432901573,4.092676385936225,3.3600595232822883,1.8,2.6095976701399777,3.559494346111537,0
166869,17.207265907168402,5.893216439263028,2.567099530598687,1.6155494421403511,1.3820274961085253,1.6703293088490063,1.876166303929372,7.503998933901843,6.967783004657938,5.2848841046895245,4.280186911806539,2.0371548787463363,1.466287829861518,1.452583904633395,1.9467922333931784,6.230569797378085,0
481005,3.448187929913334,8.047981113297919,2.32379000772445,1.40356688476182,1.3379088160259651,1.4,1.3341664064126333,1.8947295321496416,3.2186953878862163,2.3685438564654024,1.5491933384829668,1.4594519519326423,1.3564659966250536,1.3820274961085253,1.3892443989449803,1.96468827043885,0
183674,15.03096803269836,17.498285630312473,7.8,3.5383612025908264,9.10823802938856,4.851803788283282,9.21737489744233,8.832893070789433,5.025932749251625,3.254228019054596,2.295648056649799,1.711724276862369,1.4142135623730951,1.4560219778561037,2.224859546128699,3.668787265568828,0
304843,2.9017236257093817,6.174139616173252,1.982422760159901,1.6703293088490063,1.5491933384829668,1.3638181696985856,1.3711309200802089,2.280350850198276,6.0835844697020525,2.1977260975835917,1.6822603841260722,1.503329637837291,1.2124355652982142,1.489966442575134,1.6522711641858303,2.569046515733026,0
29611,2.879236009777593,1.705872210923198,1.396424004376894,1.4966629547095769,2.65329983228432,1.6217274740226857,4.269660408041839,3.9025632602175713,1.918332609325088,1.61245154965971,1.7691806012954132,2.9189039038652846,1.9798989873223327,2.1260291625469296,5.645352070508977,2.395829710142188,0
44796,2.9017236257093817,1.7349351572897471,1.3453624047073711,1.4142135623730951,4.263801121065568,2.535744466621193,1.161895003862225,1.5459624833740306,2.672077843177477,1.4177446878757824,1.4106735979665883,1.676305461424021,1.5905973720586866,1.4730919862656235,1.8,2.4576411454889016,0
517935,1.865475810617763,1.4832396974191326,1.4,1.1832159566199232,1.1,1.3416407864998738,1.5652475842498528,1.6155494421403511,1.503329637837291,1.5748015748023625,1.4177446878757824,1.4177446878757824,1.40356688476182,1.4422205101855958,1.7549928774784245,1.5842979517754858,0
445632,3.255764119219941,5.361902647381804,1.760681686165901,1.4730919862656235,1.378404875209022,1.3490737563232045,1.4247806848775006,2.172556098240043,8.63944442658207,3.1016124838541645,1.6703293088490063,1.4387494569938155,1.5556349186104046,1.4628738838327795,1.5297058540778354,2.3727621035409343,0
627516,2.973213749463701,4.782258880487337,1.8708286933869709,1.3490737563232045,1.2727922061357857,1.2922847983320085,1.378404875209022,3.690528417449187,3.046309242345563,2.2,1.503329637837291,1.5459624833740306,1.3379088160259651,1.3228756555322954,1.407124727947029,1.9621416870348585,0
530726,4.17612260356422,1.752141546793523,1.5524174696260025,1.8248287590894656,1.42828568570857,1.783255450012701,1.40356688476182,1.6911534525287764,1.6822603841260722,2.379075450674064,1.9570385790780929,1.5198684153570663,2.6476404589747453,3.195309061734092,1.5459624833740306,2.2,0
447340,2.565151067676132,3.419064199455752,1.6852299546352716,1.3152946437965904,1.3304134695650072,1.4106735979665883,1.4352700094407325,1.9570385790780929,4.196427051671457,2.01246117974981,1.7146428199482249,1.3856406460551018,1.469693845669907,1.3416407864998738,1.4142135623730951,1.7916472867168918,0
571830,2.4248711305964283,4.240283009422838,3.1906112267087634,2.071231517720798,1.5524174696260025,1.42828568570857,1.2688577540449522,2.8160255680657444,4.9749371855331,6.090155991434045,2.749545416973504,1.7349351572897471,1.469693845669907,1.4247806848775006,1.9595917942265424,4.235563716909474,0
350204,3.151190251317746,2.4083189157584592,1.7804493814764857,1.5362291495737217,1.5491933384829668,1.6911534525287764,2.6551836094703507,6.529165337162171,1.7349351572897471,2.463736998950984,2.0371548787463363,1.7291616465790582,1.711724276862369,1.7349351572897471,1.760681686165901,2.293468988235943,0
606426,2.1142374511865976,1.7549928774784245,1.469693845669907,1.5811388300841898,1.3379088160259651,1.2922847983320085,1.2449899597988732,2.9137604568666933,2.4413111231467406,2.0760539492026693,1.688194301613413,1.5556349186104046,1.4594519519326423,1.3453624047073711,1.6613247725836149,3.8,0
217669,9.721625378505388,5.337602458033007,2.453568829277059,1.6340134638368191,2.1283796653792764,1.5099668870541498,1.746424919657298,4.964876634922564,2.7964262908219126,3.518522417151836,3.132091952673165,1.8083141320025125,1.5231546211727816,1.40356688476182,2.213594362117865,3.477067730142742,0
207851,5.01398045468867,3.63318042491699,2.8583211855912904,1.5811388300841898,1.6733200530681511,1.6186414056238645,1.6278820596099706,3.146426544510455,1.841195263952197,4.274342054632502,3.7161808352124095,1.905255888325765,1.4594519519326423,1.4628738838327795,1.445683229480096,2.092844953645635,0
14809,13.963881981741324,8.235897036753192,2.222611077089287,1.5684387141358125,2.0322401432901573,4.319722213291035,6.1838499334961226,5.951470406546604,14.126924647636512,5.699122739510003,2.1260291625469296,1.997498435543818,2.3021728866442674,4.833218389437829,5.772347875864725,13.18066766138954,0
490732,1.9261360284258224,3.246536616149585,1.6583123951777,1.445683229480096,1.161895003862225,1.3190905958272918,1.3190905958272918,1.396424004376894,2.0420577856662137,1.835755975068582,1.5874507866387544,1.3928388277184118,1.4106735979665883,1.2922847983320085,1.3564659966250536,1.4560219778561037,0
59810,2.9206163733020465,1.3674794331177345,1.3892443989449803,1.3856406460551018,1.7204650534085253,4.054626986542659,5.751521537819362,4.90815647672321,2.23159136044214,1.3820274961085253,1.3527749258468684,1.5905973720586866,2.3874672772626644,3.7841775856849,4.246174749112429,9.442986815621422,0
547039,2.6210684844162317,3.159113799786263,1.5362291495737217,1.9748417658131496,1.5132745950421556,1.3601470508735445,1.4730919862656235,2.90516780926679,9.87674035297071,4.089009660052175,2.107130750570548,1.5459624833740306,1.4628738838327795,1.5264337522473748,1.89208879284245,4.672258554489466,0
666700,10.377379245262263,18.355653080182137,6.336402764976355,2.6981475126464085,5.094114250780011,4.312771730569565,2.5099800796022267,7.135124385741288,8.829496021857645,7.693503753167343,2.778488797889961,2.944486372867092,4.961854492022111,1.8973665961010275,1.982422760159901,4.622769732530488,0
691413,8.292164976651152,2.3769728648009427,1.969771560359221,1.7088007490635062,1.977371993328519,1.6462077633154328,2.0149441679609885,10.322305943925514,3.4,1.833030277982336,1.5198684153570663,1.5459624833740306,1.5362291495737217,1.445683229480096,1.5842979517754858,4.731807265728392,0
29994,1.6340134638368191,1.7291616465790582,1.466287829861518,1.977371993328519,3.0708305065568173,2.41039415863879,4.91121166312347,3.3105890714493698,1.7748239349298849,1.7888543819998317,1.9157244060668015,2.8879058156387303,5.830094338859364,2.584569596664017,7.174956445860839,2.7073972741361767,0
643953,5.026927491022722,6.434283176858165,2.056696380120313,1.3190905958272918,1.5905973720586866,1.3190905958272918,1.378404875209022,4.37264222181509,4.811444689487764,3.023243291566195,1.5066519173319364,1.4177446878757824,1.3638181696985856,1.2688577540449522,1.5588457268119895,2.336664289109585,0
405276,4.722287581247038,3.8639358172723313,2.6457513110645907,1.4106735979665883,1.503329637837291,1.606237840420901,1.6217274740226857,2.718455443813637,2.5,5.344155686354955,3.298484500494129,1.6911534525287764,1.5132745950421556,1.396424004376894,1.8275666882497064,5.438749856354859,0
185372,5.395368384086484,7.330757123244502,2.5942243542145698,1.5394804318340654,1.452583904633395,1.47648230602334,1.6431676725154984,3.518522417151836,7.909487973314076,4.262628297189424,3.1400636936215163,1.8841443681416767,1.3304134695650072,1.374772708486752,1.6703293088490063,2.6286878856189837,0
288381,14.795945390545343,12.36931687685298,2.179449471770337,1.977371993328519,9.664367542679656,6.902173570694959,17.338108316653233,7.30479294709987,16.383223126112885,5.718391382198319,2.264950330581225,4.674398357008098,9.374966666607408,4.640043103248073,5.313191131514093,8.892131353055914,0
450338,2.7730849247724096,6.33798075099633,2.1260291625469296,1.5905973720586866,2.19317121994613,1.7,2.455605831561735,2.0024984394500787,9.457272334029511,4.337049688440288,2.222611077089287,4.36692111217961,3.3852621759621515,2.3173260452512934,3.2031234756093934,3.1496031496047245,0
88628,1.9874606914351791,2.483948469674844,1.374772708486752,1.2369316876852985,1.4317821063276353,3.8845849199110063,2.808914381037628,2.831960451701259,2.0663978319771825,1.4594519519326423,1.452583904633395,1.2922847983320085,1.6401219466856725,1.9595917942265424,2.293468988235943,4.334743360338648,0
286816,5.474486277268397,4.261455150532504,2.1977260975835917,2.1447610589527217,9.56660859448112,5.781003373117854,5.68946394662977,4.493328387732195,13.593380742111211,4.077989700820736,2.027313493271329,6.435837163881635,8.333066662399863,2.9597297173897483,4.876474136094644,3.2526911934581184,0
40339,2.073644135332772,1.6340134638368191,1.4,1.396424004376894,1.4317821063276353,1.4,4.009987531152684,2.7092434368288134,1.4422205101855958,1.5,1.5905973720586866,1.9544820285692064,2.389560629069704,2.4413111231467406,2.670205984563738,1.5066519173319364,0
112134,9.632237538599222,9.386160024205852,3.858756276314947,2.0976176963403037,1.3304134695650072,1.8248287590894656,3.653765181289022,6.3796551630946325,2.9017236257093817,5.456189146281496,2.154065922853801,1.5524174696260025,2.3685438564654024,7.133021800050804,13.98856676003657,2.6476404589747453,0
567753,2.238302928559939,2.227105745132009,1.8027756377319943,1.9131126469708992,1.4560219778561037,1.4177446878757824,1.2767145334803705,3.077336510685824,2.8035691537752374,5.343220002957018,2.463736998950984,1.6583123951777,1.42828568570857,1.5297058540778354,1.9261360284258224,4.508880127038198,0
482419,1.8275666882497064,1.5231546211727816,1.378404875209022,1.2806248474865698,1.2328828005937953,1.3453624047073711,1.2288205727444508,1.6,1.4,1.61245154965971,1.4247806848775006,1.3038404810405295,1.3190905958272918,1.2767145334803705,1.2922847983320085,1.5556349186104046,0
382474,8.229216244576394,2.2,1.5427248620541512,1.5099668870541498,4.159326868617084,1.6278820596099706,2.5317977802344327,7.703895118704564,2.630589287593181,1.5620499351813308,1.63707055437449,1.489966442575134,1.3638181696985856,1.5716233645501712,2.2605309110914638,8.950418984606252,0
478170,2.0663978319771825,2.3065125189341598,1.466287829861518,1.2806248474865698,1.1789826122551597,1.1916375287812984,1.2083045973594573,1.407124727947029,1.857417562100671,1.82208671582886,1.40356688476182,1.32664991614216,1.3152946437965904,1.32664991614216,1.4730919862656235,1.6217274740226857,0
180455,12.777714975691076,4.016217125604641,3.3778691508109078,1.849324200890693,1.4866068747318506,1.4966629547095769,1.8708286933869709,6.087692502089769,8.786922100485471,4.21070065428546,2.32379000772445,1.9364916731037085,2.412467616362964,2.613426869074396,2.379075450674064,3.844476557348217,0
268528,12.117342943071309,2.455605831561735,1.9621416870348585,1.96468827043885,1.7204650534085253,1.8303005217723127,11.263658375501274,5.620498198558559,7.244308110509933,2.3811761799581315,1.862793601019716,1.5329709716755893,1.4317821063276353,3.925557285278104,5.489990892524322,6.674578638386096,0
26503,2.5238858928247927,2.7622454633866265,1.944222209522358,1.4106735979665883,1.2688577540449522,1.3856406460551018,4.232020793899765,3.713488925525428,2.258317958127243,3.481379037105842,1.8947295321496416,1.5,1.6583123951777,2.04939015319192,3.157530680769389,2.751363298439521,0
154889,3.872983346207417,1.6552945357246849,1.9078784028338915,1.51657508881031,1.2609520212918492,1.2409673645990855,1.2609520212918492,3.950949253027682,1.296148139681572,1.7378147196982767,3.635931792539568,1.5684387141358125,1.396424004376894,1.3711309200802089,1.5716233645501712,1.378404875209022,0
213657,7.264984514780469,4.019950248448356,3.5874782229304194,1.711724276862369,1.3453624047073711,1.1874342087037917,1.5524174696260025,3.758989225842501,6.926037828369117,5.785326265648291,5.9,3.138470965295043,1.9874606914351791,1.9235384061671343,2.5039968051097827,4.191658383026938,0
522748,6.447480127925948,5.391660226683428,1.9467922333931784,1.3928388277184118,1.5362291495737217,1.664331697709324,3.819685850956856,3.269556544854363,3.312099032335839,2.412467616362964,1.9287301521985911,2.004993765576342,1.8734993995195195,5.027922035990614,7.177046746399245,5.717516943569122,0
569916,2.389560629069704,1.7175564037317668,1.5329709716755893,1.8439088914585773,1.5264337522473748,1.51657508881031,1.4594519519326423,3.5735136770411278,2.6419689627245813,2.2068076490713917,1.772004514666935,1.5459624833740306,1.5459624833740306,1.4966629547095769,1.8520259177452132,4.64327470649756,0
300141,5.152669211195301,8.525256594378847,2.1977260975835917,1.8547236990991407,2.723967694375247,2.4041630560342617,3.424908757908742,3.5355339059327378,12.140016474453402,3.295451410656816,1.7204650534085253,2.467792535850613,3.146426544510455,1.503329637837291,1.5231546211727816,2.9274562336608896,0
324279,2.4474476501040834,8.933084573650918,2.1,1.6733200530681511,1.4106735979665883,1.2124355652982142,1.4594519519326423,2.262741699796952,2.3769728648009427,2.8106938645110398,3.278719262151,1.6031219541881396,1.2328828005937953,1.4387494569938155,1.3190905958272918,1.57797338380595,0
45810,6.157109711544857,2.4269322199023198,1.2688577540449522,1.224744871391589,1.1661903789690602,1.3490737563232045,1.4352700094407325,2.224859546128699,3.813135192987524,1.5588457268119895,1.4422205101855958,1.4594519519326423,1.2529964086141667,1.2727922061357857,1.98997487421324,2.471841418861655,0
44172,1.3,1.3527749258468684,1.224744871391589,1.3341664064126333,1.5362291495737217,1.407124727947029,3.6918829883949456,1.7691806012954132,1.3304134695650072,1.4212670403551897,1.4730919862656235,1.6093476939431082,2.220360331117452,1.772004514666935,1.876166303929372,1.466287829861518,0
166448,5.759340239992772,2.630589287593181,1.857417562100671,1.5905973720586866,1.284523257866513,1.2569805089976536,1.4177446878757824,5.652433104425032,1.8384776310850235,1.746424919657298,1.705872210923198,1.6031219541881396,1.493318452306808,1.2649110640673518,1.5491933384829668,1.8055470085267789,0
173182,11.415778554264268,8.958236433584458,4.428317965096905,2.4248711305964283,5.762811813689564,2.808914381037628,2.8231188426986207,6.636264009214823,11.516944039110374,6.410928169929843,3.043024810940588,3.75099986670221,3.120897306865447,7.436396977031283,3.2924155266308657,7.528612089887485,0
531383,2.355843797877949,4.736032094485847,4.315089802078283,4.69148164229596,1.8708286933869709,4.731807265728392,2.7658633371878665,3.087069808086626,31.18284784941876,7.166589146867567,4.784349485562275,2.2759613353482084,6.791906948714772,2.8478061731796283,6.210475022089695,5.143928459844674,0
176620,9.873702446397704,2.751363298439521,2.078460969082653,1.6822603841260722,1.4832396974191326,1.6431676725154984,2.154065922853801,4.857983120596447,2.2,3.057776970284131,3.014962686336267,1.9,1.5362291495737217,1.3152946437965904,2.0322401432901573,3.5383612025908264,0
43028,1.174734012447073,1.2767145334803705,1.2609520212918492,1.2489995996796797,1.7291616465790582,1.4730919862656235,4.369210454990696,1.82208671582886,1.374772708486752,1.5198684153570663,1.4966629547095769,1.8867962264113207,2.563201123595259,2.0024984394500787,2.961418578992169,1.489966442575134,0
596091,2.2,15.254835299012573,3.576310948449533,2.379075450674064,2.118962010041709,4.214261501141095,2.1354156504062622,5.166236541235796,20.6627684495568,12.22865487287952,4.496665431183423,2.4596747752497685,4.664761515876241,1.9748417658131496,4.264973622427225,8.426743143112883,0
544533,2.295648056649799,2.6851443164195103,1.6703293088490063,1.8894443627691184,1.4352700094407325,1.2328828005937953,1.1532562594670797,2.1047565179849186,3.2171415884290826,3.266496594212215,2.0591260281974,1.705872210923198,1.4212670403551897,1.4866068747318506,1.8841443681416767,4.0828911325187205,0
51125,8.80113629027525,9.133454987024352,2.244994432064365,2.5099800796022267,6.30158710167526,4.069397989875161,3.327160951922825,5.998333101787529,14.892279879185724,6.938299503480662,2.7748873851023217,4.077989700820736,2.9933259094191533,2.37065391822594,5.873670062235365,9.017760254076396,0
99647,5.727128425310541,2.258317958127243,1.786057109949175,1.5264337522473748,1.3304134695650072,1.3711309200802089,1.5297058540778354,4.422668877499196,1.7748239349298849,1.5362291495737217,1.5937377450509227,1.42828568570857,1.3601470508735445,1.2727922061357857,1.5459624833740306,1.8439088914585773,0
325905,5.303772242470448,11.445086281894078,2.0952326839756963,1.876166303929372,1.5297058540778354,1.3114877048604,1.4352700094407325,3.077336510685824,7.5742986473996385,3.517101079013795,2.9916550603303182,1.7888543819998317,1.40356688476182,1.40356688476182,1.503329637837291,1.8466185312619388,0
344051,14.628055236428388,10.691117808723275,4.279018579066934,3.0967725134404045,2.751363298439521,5.792236183029832,7.352550577860719,14.77734752924218,11.524755962709143,7.937253933193772,2.7477263328068173,2.220360331117452,2.349468024894146,3.10322412983658,4.839421453025144,11.903360869939211,0
117203,8.395832299420945,5.877074101966046,2.244994432064365,1.8,1.489966442575134,2.188606862823929,1.9672315572906005,6.313477647065839,6.7638746292343415,9.086253353280435,4.165333119931706,1.8083141320025125,1.40356688476182,2.4,1.6703293088490063,2.760434748368452,0
322508,4.731807265728392,6.897825744392214,1.949358868961793,1.7378147196982767,1.5556349186104046,1.5491933384829668,1.606237840420901,3.2233522922572395,3.419064199455752,2.3579652245103198,1.8947295321496416,1.4866068747318506,1.3152946437965904,1.3416407864998738,1.469693845669907,1.9287301521985911,0
298252,4.8,11.585767130406168,1.9748417658131496,1.760681686165901,2.56124969497314,2.2,3.395585369269929,3.0708305065568173,10.194115949899729,4.39089968002003,1.7578395831246945,2.5298221281347035,4.4237992721189325,1.3379088160259651,1.5811388300841898,3.024896692450835,0
634792,7.256721022610694,10.495237014951115,3.352610922848042,1.70293863659264,1.5394804318340654,1.4,1.7663521732655694,4.00374824383352,6.1163714733492105,4.09878030638384,1.6340134638368191,1.5362291495737217,1.4798648586948742,2.092844953645635,2.213594362117865,2.603843313258308,0
537726,2.4657656011875906,4.235563716909474,3.861346915261565,2.701851217221259,1.6,2.7313000567495327,1.7088007490635062,4.252058325093859,10.084641788382967,8.858893836140041,4.104875150354759,1.783255450012701,1.743559577416269,1.7204650534085253,3.427827300200522,5.037856687123999,0
601797,2.12367605815953,2.5219040425836985,1.797220075561143,1.760681686165901,1.4352700094407325,1.3564659966250536,1.4177446878757824,2.930870177950569,7.187489130426563,7.291776189653657,2.1213203435596424,1.5842979517754858,1.3638181696985856,1.407124727947029,2.071231517720798,5.138093031466052,0
321150,10.684100336481308,2.557342370508884,2.01246117974981,1.8601075237738276,1.6,1.5132745950421556,1.407124727947029,3.4583232931581165,5.209606511052442,2.5238858928247927,2.694438717061496,1.6093476939431082,1.3820274961085253,1.4106735979665883,1.7349351572897471,6.558200972827838,0
434086,3.296968304366908,5.384236250388722,1.7233687939614086,1.4866068747318506,2.184032966784156,1.3190905958272918,1.3711309200802089,2.039607805437114,9.475758544834289,4.108527716834828,1.6911534525287764,3.087069808086626,2.694438717061496,1.8055470085267789,2.0174241001832014,3.07571129984594,0
694311,6.862215385719105,2.0346989949375804,1.5588457268119895,1.4212670403551897,1.6093476939431082,1.5362291495737217,1.7691806012954132,10.21077861869505,2.958039891549808,1.7378147196982767,1.711724276862369,1.407124727947029,1.4730919862656235,1.42828568570857,1.849324200890693,4.78539444560216,0
604320,2.3473389188611,4.467661580737736,1.933907960581372,1.969771560359221,1.5132745950421556,2.603843313258308,1.6431676725154984,3.774917217635375,9.57653381970742,6.892024376045111,2.725802634087802,1.772004514666935,1.7349351572897471,1.5362291495737217,2.0024984394500787,11.61292383510716,0
657118,11.869288099966232,15.318289721767243,5.456189146281496,2.541653005427767,4.444097208657794,4.038564101261734,4.196427051671457,9.740636529508736,8.4581321815162,5.952310475773253,2.137755832643195,2.80178514522438,4.016217125604641,6.581033353509159,2.932575659723036,5.033885179461287,0
505627,4.607602413403309,1.7888543819998317,1.3820274961085253,1.3379088160259651,1.296148139681572,1.5811388300841898,2.588435821108957,2.947880594596735,2.7676705006196096,1.6822603841260722,1.4832396974191326,1.4832396974191326,1.4422205101855958,2.142428528562855,3.312099032335839,5.812056434688156,0
514427,2.734958866235469,1.4317821063276353,1.4212670403551897,1.2569805089976536,1.2727922061357857,1.396424004376894,3.043024810940588,2.073644135332772,2.1142374511865976,1.5556349186104046,1.407124727947029,1.3416407864998738,1.4106735979665883,2.004993765576342,3.4307433596816885,5.037856687123999,0
631599,2.664582518894845,2.8301943396169813,1.51657508881031,1.3527749258468684,1.3,1.1832159566199232,1.469693845669907,2.939387691339814,2.9171904291629644,1.6822603841260722,1.445683229480096,1.4106735979665883,1.3341664064126333,1.19582607431014,1.42828568570857,1.676305461424021,0
555931,2.3664319132398464,2.95296461204668,1.7663521732655694,2.6514147167125706,1.5066519173319364,1.374772708486752,1.4106735979665883,2.5099800796022267,3.462657938636157,6.377303505401009,2.7802877548915688,1.783255450012701,1.4317821063276353,1.5099668870541498,1.91049731745428,3.9153543900903776,0
683721,7.0950687100267045,2.188606862823929,1.7378147196982767,1.42828568570857,1.7320508075688772,1.466287829861518,1.8681541692269408,8.209141246196218,3.835361782153021,1.6941074346097416,1.5066519173319364,1.5198684153570663,1.396424004376894,1.4212670403551897,1.972308292331602,4.902040391510457,0
356737,10.89816498315198,17.075128110793194,3.5482389998420345,2.3727621035409343,2.2427661492005804,2.533771891863985,3.4146742157927745,7.701947805587882,12.13836891843381,4.453088815642463,1.857417562100671,1.876166303929372,1.676305461424021,1.8601075237738276,1.905255888325765,3.671511950137164,0
255356,2.39791576165636,1.9849433241279208,1.452583904633395,1.3674794331177345,1.2409673645990855,1.2449899597988732,1.2369316876852985,1.3601470508735445,1.6309506430300091,1.5620499351813308,1.4387494569938155,1.449137674618944,1.374772708486752,1.2165525060596438,1.3228756555322954,1.42828568570857,0
169508,3.0854497241083023,2.453568829277059,2.1260291625469296,1.6155494421403511,1.2767145334803705,1.1874342087037917,1.3190905958272918,2.3151673805580453,1.5748015748023625,2.884441020371192,2.7748873851023217,1.6552945357246849,1.3638181696985856,1.3416407864998738,1.5394804318340654,1.57797338380595,0
671459,2.9120439557122078,1.6155494421403511,1.469693845669907,1.3674794331177345,1.4594519519326423,1.2922847983320085,1.4628738838327795,4.808326112068524,1.6941074346097416,1.6401219466856725,1.47648230602334,1.407124727947029,1.284523257866513,1.374772708486752,1.3892443989449803,1.8734993995195195,0
473626,1.7175564037317668,1.5329709716755893,1.3527749258468684,1.3892443989449803,1.2727922061357857,1.2884098726725126,1.2806248474865698,1.51657508881031,3.896151947755632,1.9519221295943132,1.489966442575134,1.4422205101855958,1.3341664064126333,1.407124727947029,1.4212670403551897,1.794435844492636,0
368145,10.807867504739312,14.509307357692856,2.7313000567495327,2.3323807579381204,2.0248456731316584,5.453439281774392,8.91010662113535,6.135959582656978,14.659126849850232,4.949747468305833,1.9672315572906005,1.8083141320025125,2.08806130178211,3.605551275463989,3.40440890610984,9.444045743218316,0
208728,3.836665218650176,3.083828789021855,2.85482048472404,1.5329709716755893,1.378404875209022,1.42828568570857,1.5,2.1447610589527217,1.977371993328519,5.058655947976695,3.4409301068170506,1.6552945357246849,1.2609520212918492,1.3711309200802089,1.489966442575134,2.009975124224178,0
424047,2.0663978319771825,1.664331697709324,1.6462077633154328,1.2806248474865698,1.5198684153570663,1.4352700094407325,2.2293496809607958,3.475629439396553,2.083266665599966,2.487971060924946,1.5716233645501712,1.6911534525287764,1.449137674618944,1.5264337522473748,1.5811388300841898,1.5874507866387544,0
508562,4.822862220714998,1.9261360284258224,1.4422205101855958,1.2369316876852985,1.740689518552921,1.4317821063276353,2.3473389188611,2.9223278392404914,2.3685438564654024,1.676305461424021,1.5524174696260025,1.8520259177452132,1.8520259177452132,1.8841443681416767,3.0512292604784714,5.640035460881429,0
599878,2.3194827009486403,2.6210684844162317,1.8520259177452132,1.8894443627691184,1.449137674618944,1.3892443989449803,1.3601470508735445,3.6578682316343767,4.219004621945797,7.306846104852626,2.891366458960192,1.705872210923198,1.493318452306808,1.4628738838327795,2.433105012119288,5.8395205282625735,0
84283,1.9874606914351791,1.4106735979665883,1.3,1.2041594578792296,1.2449899597988732,2.751363298439521,4.20356991139674,2.9342801502242417,1.5684387141358125,1.3820274961085253,1.3820274961085253,1.2529964086141667,1.6217274740226857,2.4248711305964283,2.2068076490713917,3.394112549695428,0
542284,2.253885533916929,1.91049731745428,1.5066519173319364,2.177154105707724,1.3892443989449803,1.3152946437965904,1.2409673645990855,2.6514147167125706,2.455605831561735,1.8303005217723127,1.8193405398660247,1.6911534525287764,1.445683229480096,1.5,1.8894443627691184,3.924283374069717,0
9882,1.7635192088548397,1.42828568570857,1.4352700094407325,1.2609520212918492,1.2449899597988732,1.3379088160259651,2.7549954627911823,3.841874542459709,1.4247806848775006,1.3564659966250536,1.4317821063276353,1.5231546211727816,1.5491933384829668,1.6941074346097416,1.7492855684535902,1.5937377450509227,0
277644,9.794896630388704,13.942022808760573,2.149418526020468,1.794435844492636,3.061045573002793,2.4819347291981715,1.6340134638368191,3.945883931389772,5.511805511808268,2.630589287593181,1.905255888325765,2.649528259898354,3.8820097887563354,1.469693845669907,1.6552945357246849,6.214499175315739,0
429969,4.138840417314976,1.7291616465790582,1.5968719422671311,1.489966442575134,1.32664991614216,2.01246117974981,3.1622776601683795,7.723341245859851,3.4161381705077445,1.9748417658131496,1.6911534525287764,1.797220075561143,1.6309506430300091,1.5264337522473748,1.752141546793523,6.411708040764177,0
427929,2.1656407827707715,1.786057109949175,1.5491933384829668,1.5231546211727816,1.4352700094407325,1.493318452306808,1.4177446878757824,2.951270912674741,1.5874507866387544,1.606237840420901,1.4628738838327795,1.5459624833740306,1.4212670403551897,1.5874507866387544,1.5874507866387544,1.7378147196982767,0
644450,4.898979485566356,7.2034713853808015,2.0174241001832014,1.2727922061357857,1.5427248620541512,1.4106735979665883,1.6,5.248809388804284,5.134199061197374,3.1859064644147983,1.4560219778561037,1.3190905958272918,1.3453624047073711,1.4422205101855958,1.5394804318340654,2.1166010488516727,0
33787,8.661408661412992,5.831809324729333,1.797220075561143,1.606237840420901,3.3823069050575527,2.6,3.243454948045371,4.0877866871939394,8.79715863219483,3.508560958569767,1.865475810617763,2.195449840010015,1.9595917942265424,2.808914381037628,3.1400636936215163,9.56869897112455,0
128882,2.428991560298224,7.105631569396206,4.249705872175156,1.5297058540778354,1.3416407864998738,1.6941074346097416,1.296148139681572,1.4866068747318506,2.817800560721074,21.60648050932868,8.579044235810887,2.029778313018444,1.5132745950421556,1.4387494569938155,1.2727922061357857,1.6,0
545256,2.23159136044214,2.6907248094147422,1.469693845669907,1.9261360284258224,1.5,1.4,1.489966442575134,2.567099530598687,3.2015621187164243,3.1352830813181765,2.172556098240043,1.5842979517754858,1.396424004376894,1.378404875209022,1.9798989873223327,4.629254799641083,0
133099,4.927473997901968,22.557038812752,4.70425339453563,1.8275666882497064,1.4387494569938155,2.0420577856662137,1.4142135623730951,3.21403173599764,5.705260730238365,9.1465840618233,2.435159132377184,1.5937377450509227,1.3527749258468684,1.489966442575134,1.4594519519326423,2.590366769397724,0
143547,8.676404785393544,3.730951621235526,3.8288379438153295,1.797220075561143,1.2609520212918492,1.3856406460551018,1.5362291495737217,6.669332800213226,3.7868192457522976,4.548626166217664,7.990619500389191,2.3194827009486403,1.489966442575134,1.5684387141358125,2.0615528128088303,3.8,0
639295,5.677147170894902,9.120855223058856,2.7766886753829643,1.5264337522473748,1.5,1.4352700094407325,1.5874507866387544,5.520869496736904,5.323532661682466,4.004996878900157,1.6093476939431082,1.503329637837291,1.4594519519326423,1.5132745950421556,1.51657508881031,2.090454496036687,0
690880,9.330058949438635,2.3874672772626644,1.6911534525287764,1.8841443681416767,2.1702534414210706,1.5231546211727816,1.98997487421324,11.422346518995123,4.57274534606947,1.972308292331602,2.0,1.5811388300841898,1.3820274961085253,1.5,2.004993765576342,4.589117562233506,0
655281,9.07138357694128,10.000999950005,3.6606010435446255,1.977371993328519,2.215851980616034,2.7622454633866265,3.1480152477394387,9.925724154942046,5.6559702969517085,4.204759208325728,1.7349351572897471,1.63707055437449,1.6340134638368191,3.8820097887563354,2.545584412271571,5.1903757089443925,0
93484,3.07571129984594,4.538722287164087,1.624807680927192,1.2884098726725126,1.3490737563232045,1.3,1.4142135623730951,3.518522417151836,3.461213659975356,1.8,1.5297058540778354,1.42828568570857,1.3856406460551018,1.3674794331177345,1.5264337522473748,1.5394804318340654,0
33641,8.152300288875526,4.780167361086848,1.7748239349298849,1.6822603841260722,2.6324893162176366,2.723967694375247,3.559494346111537,3.756327994198589,8.871865643707642,3.340658617698013,1.7691806012954132,1.835755975068582,1.8,2.658947160061666,3.488552708502481,8.953211714239757,0
714221,7.129516112612412,1.9078784028338915,1.7291616465790582,1.4212670403551897,1.7262676501632068,1.5748015748023625,1.6852299546352716,11.656757696718245,2.664582518894845,1.6522711641858303,1.5905973720586866,1.3304134695650072,1.3038404810405295,1.3304134695650072,1.9390719429665315,5.041825066382213,0
589474,2.1330729007701543,2.553429066960741,1.7378147196982767,2.5039968051097827,1.5620499351813308,1.4628738838327795,1.3564659966250536,3.9230090491866063,3.295451410656816,5.929586832149437,2.670205984563738,1.6552945357246849,1.284523257866513,1.5427248620541512,2.282542442102665,6.155485358604957,0
160159,6.235382907247958,2.092844953645635,1.797220075561143,1.3892443989449803,1.2649110640673518,1.2922847983320085,1.6911534525287764,7.245688373094719,1.4317821063276353,1.42828568570857,1.624807680927192,1.5968719422671311,1.4730919862656235,1.2409673645990855,1.7748239349298849,1.4866068747318506,0
223864,14.76380709708712,4.06201920231798,3.278719262151,1.772004514666935,1.6492422502470645,1.5231546211727816,1.8384776310850235,6.027437266367855,3.461213659975356,4.684015371452148,4.026164427839479,2.258317958127243,1.466287829861518,1.3856406460551018,3.3674916480965478,5.767148342118485,0
604987,2.325940669922601,2.262741699796952,1.9235384061671343,1.7888543819998317,1.3490737563232045,1.3379088160259651,1.3638181696985856,3.189043743820395,3.0659419433511785,5.083306010855534,2.12367605815953,1.6,1.296148139681572,1.4106735979665883,2.32379000772445,5.03189825016365,0
563253,2.1095023109728985,2.527844931952908,1.6522711641858303,1.94164878389476,1.7,1.5099668870541498,1.676305461424021,5.633826408401309,12.095040305844377,6.0,2.455605831561735,1.8520259177452132,1.40356688476182,1.5427248620541512,2.3043437243605824,5.484523680320836,0
252870,7.934733769950949,2.6962937525425525,1.8110770276274832,1.5652475842498528,1.5491933384829668,1.493318452306808,1.664331697709324,4.066939881532551,1.8894443627691184,1.8973665961010275,1.7233687939614086,1.57797338380595,1.4142135623730951,1.3674794331177345,1.5132745950421556,2.379075450674064,0
649135,7.080960386840192,7.892401408950257,4.050925820105819,2.297825058615212,2.3021728866442674,2.8618176042508368,5.2583267300539625,11.781341180018511,6.583312236253116,5.533534132902769,2.142428528562855,1.8601075237738276,1.857417562100671,7.802563681252464,2.32379000772445,5.032891812864648,0
151462,5.457105459856901,2.172556098240043,1.6462077633154328,1.3820274961085253,1.307669683062202,1.3453624047073711,1.3638181696985856,4.610856753359402,1.5459624833740306,1.5394804318340654,1.6552945357246849,1.445683229480096,1.42828568570857,1.40356688476182,1.4,2.0024984394500787,0
288056,11.354734695271397,10.617438485811917,2.0542638584174138,2.004993765576342,12.389108119634765,7.539230729988306,14.928161306738348,6.216108107168021,16.969973482595663,5.361902647381804,1.8841443681416767,5.883026432033091,9.699484522385712,4.836320915737499,5.431390245600108,8.570880934886448,0
540477,2.2759613353482084,2.374868417407584,1.5099668870541498,2.3811761799581315,1.3304134695650072,1.3190905958272918,1.2806248474865698,2.5514701644346145,5.477225575051661,4.0743097574926725,1.9235384061671343,1.6031219541881396,1.445683229480096,1.4212670403551897,2.0346989949375804,5.127377497317708,0
83470,1.740689518552921,1.452583904633395,1.3601470508735445,1.3038404810405295,1.5842979517754858,4.39089968002003,6.10163912403872,3.3196385345395663,1.47648230602334,1.284523257866513,1.4247806848775006,1.296148139681572,1.9390719429665315,3.52845575287547,2.340939982143925,3.8768543949960255,0
241723,8.53580693314932,3.661966684720111,1.969771560359221,1.5198684153570663,1.6462077633154328,1.8788294228055933,2.181742422927143,3.753664875824692,3.144837038703278,2.295648056649799,1.8814887722226776,1.746424919657298,1.676305461424021,4.968903299521938,1.7748239349298849,3.878143885933063,0
451427,3.2619012860600183,6.145730225123781,2.1563858652847827,1.4594519519326423,1.876166303929372,1.3674794331177345,1.452583904633395,2.220360331117452,3.737646318206152,2.649528259898354,1.6401219466856725,2.142428528562855,2.5079872407968904,1.466287829861518,1.63707055437449,1.8275666882497064,0
525391,1.8734993995195195,1.4628738838327795,1.4422205101855958,1.32664991614216,1.3674794331177345,1.5264337522473748,3.298484500494129,1.624807680927192,1.449137674618944,1.6673332000533063,1.5,1.407124727947029,1.6522711641858303,3.508560958569767,4.6808118953873805,1.705872210923198,0
693836,9.586970324351691,2.1,1.489966442575134,1.3527749258468684,1.6278820596099706,1.3601470508735445,1.664331697709324,9.4715363062177,2.9410882339705484,1.7262676501632068,1.63707055437449,1.4212670403551897,1.3601470508735445,1.396424004376894,1.9467922333931784,4.651881339845203,0
363391,6.268971207462991,8.615103017375938,2.6608269391300143,1.9364916731037085,1.9390719429665315,3.410278580995987,4.064480286580315,5.4,8.021845174272562,4.789572005931219,2.262741699796952,2.215851980616034,2.1354156504062622,3.8262252939417984,2.5514701644346145,3.0854497241083023,0
588800,2.4596747752497685,2.08806130178211,1.452583904633395,1.6613247725836149,1.4560219778561037,1.2727922061357857,1.2328828005937953,2.9189039038652846,2.5787593916455256,5.103920062069938,2.353720459187964,1.4317821063276353,1.4,1.3820274961085253,1.933907960581372,4.580392996239515,0
540524,2.004993765576342,2.3579652245103198,1.664331697709324,2.009975124224178,1.4866068747318506,1.452583904633395,1.2328828005937953,2.541653005427767,5.295280917949491,3.529872518944558,2.1213203435596424,1.6613247725836149,1.4177446878757824,1.5748015748023625,1.786057109949175,4.546427168667722,0
569250,2.179449471770337,2.2869193252058544,1.6522711641858303,1.992485884517128,1.4730919862656235,1.3341664064126333,1.4212670403551897,3.5199431813596083,3.257299494980466,5.094114250780011,2.5317977802344327,1.7748239349298849,1.4594519519326423,1.5297058540778354,1.9026297590440449,4.456455991031438,0
283261,15.367823528398548,9.810198774744578,2.511971337416094,2.039607805437114,9.932774033471214,6.498461356351979,14.56365338780074,7.622335600063802,15.02131818450032,5.259277516921882,2.264950330581225,5.034878350069642,10.0174847142384,5.414794548272353,6.053924347066125,6.907966415668217,0
170506,5.022947341949744,5.022947341949744,2.565151067676132,1.6340134638368191,1.5,1.8947295321496416,2.213594362117865,2.553429066960741,4.045985664828782,3.7960505792204615,2.3065125189341598,1.7320508075688772,1.7691806012954132,4.902040391510457,1.6552945357246849,3.0298514815086235,0
709802,1.3601470508735445,1.5748015748023625,1.5099668870541498,1.503329637837291,1.5556349186104046,1.1575836902790226,1.5811388300841898,2.085665361461421,1.3190905958272918,1.94164878389476,1.6613247725836149,1.3601470508735445,1.374772708486752,2.215851980616034,1.4594519519326423,1.3416407864998738,0
485933,3.1733263305244863,6.105735008989499,1.9621416870348585,1.3527749258468684,1.296148139681572,1.2922847983320085,1.4177446878757824,1.977371993328519,2.9899832775452104,2.4041630560342617,1.5937377450509227,1.378404875209022,1.396424004376894,1.307669683062202,1.449137674618944,2.1,0
342404,11.605171261123209,7.57957782465488,2.5199206336708304,2.1142374511865976,1.9672315572906005,4.066939881532551,5.456189146281496,14.031393373432303,9.235799911215054,5.432310742216428,1.8275666882497064,1.711724276862369,1.9364916731037085,2.493992782667985,3.212475680841802,10.938464243210744,0
585200,2.364318083507378,3.521363372331802,2.0518284528683197,2.0024984394500787,1.42828568570857,1.4628738838327795,1.378404875209022,5.073460357586328,9.05041435515524,8.670063436907483,2.7202941017470885,1.705872210923198,1.5099668870541498,1.5524174696260025,2.3811761799581315,6.805879810869422,0
21070,1.772004514666935,2.694438717061496,1.6941074346097416,1.4866068747318506,1.2328828005937953,1.3638181696985856,2.477902338672773,3.5369478367654787,2.220360331117452,4.682947789587238,1.944222209522358,1.469693845669907,1.5716233645501712,1.6309506430300091,2.253885533916929,1.697056274847714,0
588631,2.071231517720798,2.130727575266252,1.6,1.697056274847714,1.3341664064126333,1.4387494569938155,1.296148139681572,2.937686164313676,2.549509756796392,5.672741841473134,2.351595203260969,1.5491933384829668,1.2806248474865698,1.396424004376894,2.0639767440550294,5.017967716117751,0
242391,11.422346518995123,4.165333119931706,2.262741699796952,1.6733200530681511,1.42828568570857,2.513961017995307,2.179449471770337,4.631414470763764,5.022947341949744,2.4,1.7748239349298849,1.61245154965971,1.6852299546352716,3.879432948254165,1.9364916731037085,6.117188896870849,0
426260,8.953211714239757,3.518522417151836,2.32379000772445,1.9,1.752141546793523,1.8894443627691184,3.004995840263344,9.991996797437436,3.1780497164141406,2.2516660498395407,1.7175564037317668,1.606237840420901,1.63707055437449,1.6522711641858303,2.471841418861655,7.887965517166007,0
515656,1.794435844492636,1.40356688476182,1.3820274961085253,1.2884098726725126,1.2806248474865698,1.4106735979665883,2.027313493271329,1.489966442575134,1.445683229480096,1.4866068747318506,1.4352700094407325,1.5652475842498528,1.4177446878757824,1.5556349186104046,2.027313493271329,1.6613247725836149,0
641235,6.849817515817484,8.796021828076599,2.624880949681337,1.466287829861518,1.7,1.378404875209022,1.6911534525287764,8.087644898238299,4.302324952859791,3.069201850644561,1.7492855684535902,1.5231546211727816,1.374772708486752,1.3379088160259651,1.697056274847714,3.3090784215548594,0
399704,6.319810123729984,4.809365862564419,3.380828300875393,1.4966629547095769,1.5684387141358125,1.3564659966250536,1.8788294228055933,5.036864103785211,3.0397368307141326,7.803845206050668,3.5538711287833724,1.7233687939614086,1.7804493814764857,1.466287829861518,2.420743687382041,8.093207028119323,0
247089,10.582532778120743,2.9899832775452104,1.9078784028338915,1.6031219541881396,1.5652475842498528,1.40356688476182,2.090454496036687,5.206726418777925,2.8600699292150185,2.188606862823929,1.7492855684535902,1.697056274847714,1.47648230602334,1.378404875209022,1.9467922333931784,4.410215414239989,0
475263,1.6492422502470645,1.8055470085267789,1.5231546211727816,1.3304134695650072,1.2328828005937953,1.2806248474865698,1.2083045973594573,1.42828568570857,5.039841267341661,2.293468988235943,1.378404875209022,1.4,1.3152946437965904,1.3928388277184118,1.307669683062202,1.6911534525287764,0
629235,2.6324893162176366,2.949576240750525,1.6278820596099706,1.3,1.3228756555322954,1.2206555615733703,1.3038404810405295,2.213594362117865,3.752332607858744,2.056696380120313,1.5329709716755893,1.4317821063276353,1.3490737563232045,1.32664991614216,1.493318452306808,1.8193405398660247,0
167538,4.985980344927164,2.340939982143925,1.982422760159901,1.5556349186104046,1.307669683062202,1.1916375287812984,1.40356688476182,5.506359959174482,1.4798648586948742,1.5811388300841898,1.5329709716755893,1.5556349186104046,1.407124727947029,1.2569805089976536,1.4594519519326423,1.8814887722226776,0
674408,4.5431266766402185,1.7320508075688772,1.6462077633154328,1.5066519173319364,1.5905973720586866,1.4560219778561037,1.6217274740226857,7.336893075410054,2.657066051117285,2.0760539492026693,2.0,1.624807680927192,2.1118712081942874,1.4387494569938155,1.7663521732655694,3.269556544854363,0
373178,12.157302332343306,16.644218215344328,3.5256205127608387,2.027313493271329,1.8138357147217052,2.3,3.056141357987225,5.790509476721371,13.351404420509477,3.906404996924922,1.6431676725154984,1.624807680927192,1.5099668870541498,1.5231546211727816,1.918332609325088,3.806573262134856,0
213123,13.416780537819047,5.43323108288245,2.2715633383201093,1.794435844492636,1.8708286933869709,1.6673332000533063,1.9235384061671343,5.896609195122228,4.039801975344831,2.5865034312755126,1.992485884517128,1.7262676501632068,1.5231546211727816,1.2529964086141667,2.0174241001832014,3.398529093593286,0
571562,2.3811761799581315,5.331041174104736,3.4583232931581165,2.515949125081825,1.6792855623746663,2.4228082879171438,1.3856406460551018,2.6267851073127395,6.75869809948632,4.795831523312719,2.949576240750525,1.7291616465790582,2.7622454633866265,1.5491933384829668,2.071231517720798,4.595650117230423,0
111282,8.754427451295715,2.683281572999748,2.0420577856662137,1.797220075561143,1.5132745950421556,1.8814887722226776,1.6703293088490063,7.381056834898374,1.8193405398660247,1.8973665961010275,1.6673332000533063,1.6155494421403511,2.073644135332772,1.5842979517754858,1.5099668870541498,2.2293496809607958,0
156194,7.258098924649622,2.4979991993593598,2.3108440016582685,1.794435844492636,1.7349351572897471,1.797220075561143,1.5459624833740306,6.882586723027905,3.168595903550972,2.4372115213907883,2.0248456731316584,1.8275666882497064,4.637887450122092,1.4106735979665883,1.969771560359221,4.0484564959994325,0
608642,2.5099800796022267,1.98997487421324,1.4730919862656235,1.445683229480096,1.407124727947029,1.3038404810405295,1.2409673645990855,2.215851980616034,1.905255888325765,3.971145930332956,1.8193405398660247,1.5297058540778354,1.4628738838327795,1.3152946437965904,1.6703293088490063,2.6795522013948525,0
522737,2.179449471770337,1.5066519173319364,1.3892443989449803,1.2124355652982142,1.2041594578792296,1.6031219541881396,2.7586228448267445,1.7776388834631178,1.6309506430300091,1.6093476939431082,1.4422205101855958,1.5264337522473748,1.3379088160259651,2.0542638584174138,3.5270384177096794,2.6076809620810595,0
635553,5.873670062235365,10.806016842481784,2.8478061731796283,1.6552945357246849,1.6733200530681511,1.4352700094407325,1.63707055437449,5.782732917920384,6.424951361683604,4.32087954009366,1.6431676725154984,1.5874507866387544,1.4317821063276353,1.3190905958272918,1.606237840420901,2.2,0
206940,3.03315017762062,3.7841775856849,2.716615541441225,1.5,1.5099668870541498,1.3038404810405295,1.2727922061357857,1.7175564037317668,1.7578395831246945,4.907137658554118,3.558089374931439,1.6733200530681511,1.47648230602334,1.3601470508735445,1.396424004376894,1.5,0
529125,1.6941074346097416,1.3564659966250536,1.42828568570857,1.2124355652982142,1.3341664064126333,1.6,3.8691084244306206,3.502855977627399,1.469693845669907,1.4317821063276353,1.3674794331177345,1.3820274961085253,1.4387494569938155,2.6019223662515376,4.6475800154489,1.4798648586948742,0
329851,6.69850729640567,2.569046515733026,1.6822603841260722,1.5620499351813308,1.493318452306808,1.6613247725836149,13.153326575433304,7.38850458482635,6.78527818147495,2.1977260975835917,1.8,1.4317821063276353,1.3379088160259651,2.4919871588754225,5.79396237474839,3.170173496829472,0
321440,10.8986237663294,2.584569596664017,2.1260291625469296,1.816590212458495,1.5842979517754858,1.5099668870541498,1.6941074346097416,5.482700064749119,4.011234224026316,2.046948949045872,2.0420577856662137,1.7204650534085253,1.3379088160259651,1.3527749258468684,1.6492422502470645,3.6110940170535577,0
556350,2.293468988235943,2.1748563170931545,1.6492422502470645,2.0615528128088303,1.2922847983320085,1.4866068747318506,1.2688577540449522,3.014962686336267,3.0116440692751194,5.10098029794274,2.181742422927143,1.70293863659264,1.5132745950421556,1.4,2.264950330581225,4.757099956906519,0
636872,5.088221693283421,9.855962662266938,3.5805027579936315,1.8841443681416767,1.876166303929372,1.6492422502470645,1.905255888325765,3.395585369269929,5.2182372502599,4.350861983561418,1.7233687939614086,1.445683229480096,1.449137674618944,1.5099668870541498,1.4142135623730951,2.0174241001832014,0
506423,4.537620521815371,1.841195263952197,1.4422205101855958,1.374772708486752,1.2328828005937953,1.4142135623730951,2.455605831561735,2.615339366124404,2.4919871588754225,1.6401219466856725,1.4177446878757824,1.4594519519326423,1.5362291495737217,2.151743479135001,3.304542328371661,6.109009739720506,0
566069,2.553429066960741,2.539685019840059,1.797220075561143,1.997498435543818,1.4730919862656235,1.47648230602334,1.2922847983320085,2.8600699292150185,2.870540018881465,6.827151675479314,2.971531591620725,1.7262676501632068,1.4177446878757824,1.4730919862656235,1.8439088914585773,3.1432467291003423,0
655106,5.7306195127577615,7.603288762108145,2.572936066053721,1.6309506430300091,1.7492855684535902,1.4317821063276353,2.9342801502242417,5.782732917920384,5.25452186216786,3.472751070837068,1.5874507866387544,1.5748015748023625,1.3892443989449803,2.4979991993593598,2.0174241001832014,3.03315017762062,0
78179,3.5482389998420345,1.7804493814764857,1.664331697709324,1.2767145334803705,1.2409673645990855,2.513961017995307,2.636285265292813,5.293392107146419,2.7313000567495327,1.7262676501632068,1.493318452306808,1.4142135623730951,1.63707055437449,2.0518284528683197,5.404627646748664,6.477653896280659,0
211304,9.998999949995,2.374868417407584,1.933907960581372,1.7088007490635062,1.466287829861518,1.5099668870541498,1.9849433241279208,5.182663407939975,2.06881608655772,2.6888659319497505,2.4269322199023198,1.740689518552921,1.4966629547095769,1.3490737563232045,2.073644135332772,3.468429039204925,0
434549,3.24037034920393,5.134199061197374,1.8,1.40356688476182,2.0149441679609885,1.4866068747318506,1.32664991614216,1.98997487421324,8.923003978481686,3.757658845611187,2.004993765576342,2.6438608132804573,2.2181073012818837,1.4832396974191326,1.7349351572897471,3.167017524422623,0
341176,14.978985279383917,13.695254652615994,3.5,2.549509756796392,3.0133038346638727,5.5874860178795975,8.248636250920512,15.871672879693556,11.388590782006348,7.176350047203662,2.559296778413945,3.5327043465311387,3.945883931389772,3.730951621235526,4.703190406521939,11.670903992407789,0
412688,6.894200461257274,2.0976176963403037,1.8303005217723127,1.5198684153570663,1.5620499351813308,1.5968719422671311,1.676305461424021,6.076183012385325,2.7838821814150108,1.6822603841260722,1.7088007490635062,1.783255450012701,1.4387494569938155,1.4628738838327795,1.8841443681416767,6.293647591023825,0
546108,2.211334438749598,2.4758836806279896,1.6155494421403511,2.374868417407584,1.5231546211727816,1.307669683062202,1.2083045973594573,2.262741699796952,4.007492981902775,4.214261501141095,2.264950330581225,1.5748015748023625,1.4866068747318506,1.3564659966250536,1.91049731745428,4.296510211788167,0
358346,8.1590440616533,12.566622457924009,2.988310559496787,1.8193405398660247,1.949358868961793,2.837252191822221,3.858756276314947,7.329392880723478,10.739646176667089,3.794733192202055,1.9026297590440449,1.905255888325765,1.6911534525287764,1.94164878389476,2.08806130178211,5.512712580935088,0
441583,4.57602447545902,6.428841264178172,2.090454496036687,1.816590212458495,2.7802877548915688,1.7691806012954132,1.8,2.278157149978904,15.936122489489092,6.056401571890688,2.640075756488817,3.74299345444258,3.5651086939951777,1.7691806012954132,2.1908902300206643,5.176871642217914,0
310527,15.948981158682209,3.609709129556009,2.3622023622035435,1.9849433241279208,1.8110770276274832,1.5459624833740306,1.6340134638368191,5.528109984434101,4.70425339453563,2.5865034312755126,2.56124969497314,1.676305461424021,1.42828568570857,1.3856406460551018,15.452507887071276,9.681425514871249,0
106990,7.286974680894672,2.349468024894146,1.8193405398660247,1.5716233645501712,1.3114877048604,1.224744871391589,1.4866068747318506,5.191338940966964,1.9078784028338915,1.57797338380595,1.466287829861518,1.5297058540778354,1.503329637837291,1.3674794331177345,1.466287829861518,1.8547236990991407,0
176474,12.87167432776327,2.884441020371192,2.3043437243605824,1.7349351572897471,1.5874507866387544,1.503329637837291,2.039607805437114,5.4808758424178885,2.085665361461421,2.6286878856189837,3.003331483536241,1.8894443627691184,1.493318452306808,1.2688577540449522,2.04939015319192,3.2171415884290826,0
587627,2.588435821108957,3.395585369269929,2.149418526020468,2.979932885150268,1.6186414056238645,1.841195263952197,2.9933259094191533,10.864161265371571,4.28485705712571,5.73410847473258,3.0675723300355937,1.6673332000533063,1.489966442575134,1.5811388300841898,3.475629439396553,9.778036612735708,0
231421,11.500869532344066,5.994163828258284,1.8867962264113207,1.445683229480096,1.5329709716755893,1.3416407864998738,1.7088007490635062,4.596737973824482,3.4856850115866758,2.483948469674844,1.772004514666935,1.6492422502470645,1.5132745950421556,1.4628738838327795,1.98997487421324,5.314132102234569,0
48685,1.5264337522473748,1.4212670403551897,1.449137674618944,1.3601470508735445,1.7748239349298849,1.5588457268119895,4.3977266854592045,2.2427661492005804,1.4798648586948742,1.6,1.5198684153570663,1.982422760159901,3.0166206257996717,2.147091055358389,4.417012565071556,1.6309506430300091,0
466009,2.672077843177477,3.531288716601915,1.794435844492636,1.2569805089976536,1.3638181696985856,1.3820274961085253,1.2569805089976536,2.027313493271329,1.489966442575134,1.4798648586948742,1.6309506430300091,3.5057096285916205,5.112729212465687,2.95296461204668,1.8814887722226776,1.57797338380595,0
315151,2.6324893162176366,1.7691806012954132,1.5968719422671311,1.3928388277184118,1.905255888325765,1.3892443989449803,1.5748015748023625,2.2494443758403984,1.8947295321496416,1.6673332000533063,1.8841443681416767,2.677685567799177,2.2,1.3711309200802089,1.4594519519326423,2.029778313018444,0
419219,1.6340134638368191,1.664331697709324,1.8055470085267789,1.4422205101855958,1.3711309200802089,1.6852299546352716,1.5459624833740306,1.743559577416269,1.6941074346097416,1.7262676501632068,1.7233687939614086,1.7635192088548397,1.5394804318340654,1.5905973720586866,1.493318452306808,1.6673332000533063,0
59374,2.937686164313676,1.4966629547095769,1.2569805089976536,1.3674794331177345,1.7378147196982767,4.224926034855522,5.641808220774612,4.201190307520001,2.083266665599966,1.3527749258468684,1.4,1.6401219466856725,2.23606797749979,3.3689761055846037,3.672873534441392,9.06642156531451,0
6807,5.640921910468181,2.7073972741361767,1.7578395831246945,1.3453624047073711,1.3820274961085253,2.8231188426986207,3.698648401781386,4.622769732530488,5.365631370118525,2.0639767440550294,1.606237840420901,1.6522711641858303,1.6031219541881396,2.5787593916455256,2.9223278392404914,5.267826876426369,0
48280,1.5937377450509227,1.3,1.3416407864998738,1.3379088160259651,1.8275666882497064,1.8275666882497064,5.03189825016365,2.3832750575625967,1.5099668870541498,1.5394804318340654,1.624807680927192,2.4020824298928627,3.817066936798463,2.37065391822594,4.6604720790924175,2.019900987672416,0
554674,2.3108440016582685,2.4657656011875906,1.7492855684535902,1.8788294228055933,1.4177446878757824,1.5132745950421556,1.7262676501632068,3.8691084244306206,2.951270912674741,4.626013402488151,2.349468024894146,1.6401219466856725,1.3038404810405295,1.4317821063276353,1.9798989873223327,4.719110085598767,0
670565,4.286023798347368,6.643041472096949,2.19317121994613,1.6,1.624807680927192,1.2767145334803705,1.5427248620541512,5.033885179461287,3.3496268448888453,2.9274562336608896,1.6522711641858303,1.51657508881031,1.503329637837291,1.445683229480096,1.3892443989449803,2.664582518894845,0
329891,6.69850729640567,2.569046515733026,1.6822603841260722,1.5620499351813308,1.493318452306808,1.6613247725836149,13.153326575433304,7.38850458482635,6.78527818147495,2.1977260975835917,1.8,1.4317821063276353,1.3379088160259651,2.4919871588754225,5.79396237474839,3.170173496829472,0
690352,7.176350047203662,2.930870177950569,2.142428528562855,1.794435844492636,2.046948949045872,1.63707055437449,2.2605309110914638,7.35051018637482,4.22729227756965,2.8809720581775866,2.0322401432901573,1.7233687939614086,1.5,1.3674794331177345,1.9287301521985911,4.914264950122246,0
370972,5.714017850864661,8.76013698523031,2.083266665599966,1.5427248620541512,1.57797338380595,2.39165214862028,2.567099530598687,2.7838821814150108,4.762352359916263,3.095157508108432,1.57797338380595,1.6031219541881396,1.5459624833740306,1.3928388277184118,1.5198684153570663,1.977371993328519,0
959,1.6340134638368191,1.6,1.57797338380595,1.2688577540449522,1.3341664064126333,1.3114877048604,1.32664991614216,3.2588341473600644,1.4317821063276353,1.7204650534085253,1.47648230602334,1.5811388300841898,1.6822603841260722,1.5811388300841898,1.7549928774784245,1.6822603841260722,0
563553,1.9313207915827968,2.535744466621193,1.676305461424021,2.092844953645635,1.5,1.396424004376894,1.307669683062202,3.328663395418648,8.769264507357502,5.006995106848018,2.543619468395381,1.6,1.6278820596099706,1.47648230602334,2.4474476501040834,6.017474553332153,0
420543,1.5874507866387544,1.5394804318340654,1.7776388834631178,1.5362291495737217,1.5099668870541498,1.606237840420901,1.5132745950421556,1.4212670403551897,1.743559577416269,1.47648230602334,1.4247806848775006,1.6941074346097416,1.61245154965971,1.5937377450509227,1.6613247725836149,1.6217274740226857,0
412390,6.470703207534711,2.1095023109728985,1.8466185312619388,1.6852299546352716,1.407124727947029,1.5748015748023625,1.9595917942265424,6.190315016216864,2.7367864366808017,1.783255450012701,1.6186414056238645,1.7578395831246945,1.7233687939614086,1.606237840420901,2.085665361461421,7.247068372797376,0
324261,2.4474476501040834,8.933084573650918,2.1,1.6733200530681511,1.4106735979665883,1.2124355652982142,1.4594519519326423,2.262741699796952,2.3769728648009427,2.8106938645110398,3.278719262151,1.6031219541881396,1.2328828005937953,1.4387494569938155,1.3190905958272918,1.57797338380595,0
119576,6.109009739720506,3.624913792078372,1.9570385790780929,1.5556349186104046,1.3527749258468684,1.3928388277184118,1.5099668870541498,5.96322060635023,3.4219877264537346,3.1080540535840107,1.91049731745428,1.6309506430300091,1.307669683062202,1.42828568570857,1.676305461424021,2.3173260452512934,0
8151,5.8898217290508885,2.4186773244895647,2.278157149978904,1.4966629547095769,1.296148139681572,1.5652475842498528,2.3430749027719964,4.2296571965113205,4.279018579066934,1.8788294228055933,1.5716233645501712,2.364318083507378,1.70293863659264,1.6492422502470645,3.0397368307141326,4.851803788283282,0
133992,5.591958512006325,3.264965543462901,2.349468024894146,1.5329709716755893,1.3379088160259651,1.4212670403551897,1.3416407864998738,4.093897898091744,5.110772935672255,2.6795522013948525,5.75325994545701,1.6822603841260722,1.4730919862656235,1.3453624047073711,1.5905973720586866,4.093897898091744,0
62926,1.606237840420901,1.3453624047073711,1.32664991614216,1.1874342087037917,1.284523257866513,1.2124355652982142,1.3527749258468684,3.170173496829472,1.5937377450509227,1.42828568570857,1.3928388277184118,1.2767145334803705,1.3527749258468684,1.3564659966250536,1.972308292331602,2.3388031127053,0
165757,4.448595283907045,2.2293496809607958,2.1142374511865976,1.6852299546352716,1.4212670403551897,1.1832159566199232,1.4106735979665883,5.570457790882182,1.8083141320025125,1.82208671582886,2.821347195933177,1.6613247725836149,1.2884098726725126,1.3190905958272918,1.503329637837291,1.8275666882497064,0
229819,9.615092303249096,8.738993077008358,2.195449840010015,1.5811388300841898,1.6401219466856725,1.452583904633395,1.8520259177452132,4.459820624195552,4.008740450565489,2.5039968051097827,1.96468827043885,1.503329637837291,1.4798648586948742,1.3,1.972308292331602,4.9668903752750575,0
342756,12.44588285337766,7.692853826766761,2.8653097563788807,2.0445048300260877,2.4186773244895647,5.7043842787806645,7.237402849088891,14.34015341619468,11.034491379306978,5.197114584074513,2.325940669922601,1.797220075561143,2.1047565179849186,2.839013913315678,3.3090784215548594,10.091580649234292,0
660063,5.102940328869229,1.606237840420901,1.5132745950421556,1.2369316876852985,1.6,1.2649110640673518,1.6522711641858303,6.835202996254025,2.222611077089287,1.6278820596099706,1.4628738838327795,1.407124727947029,1.3638181696985856,1.4387494569938155,1.711724276862369,3.5454195802471675,0
484840,2.073644135332772,1.6852299546352716,1.503329637837291,1.2884098726725126,1.2727922061357857,1.40356688476182,1.2449899597988732,1.5427248620541512,1.5099668870541498,1.6522711641858303,1.4387494569938155,1.452583904633395,1.2806248474865698,1.3892443989449803,1.3856406460551018,1.760681686165901,0
94726,3.9597979746446654,3.243454948045371,1.752141546793523,1.4142135623730951,1.3674794331177345,1.140175425099138,1.445683229480096,3.963584236521283,1.8466185312619388,2.555386467836128,1.5811388300841898,1.4866068747318506,1.378404875209022,1.3416407864998738,1.452583904633395,1.5362291495737217,0
658982,9.113725912051558,11.923925528113632,3.714835124201342,1.9157244060668015,1.8867962264113207,1.5132745950421556,2.8530685235374214,8.470537173048708,6.869497798238238,5.0823223038292245,1.6309506430300091,1.493318452306808,1.3228756555322954,2.727636339397171,2.188606862823929,4.293017586733136,0
22492,2.86705423736629,6.18465843842649,2.576819745345025,1.4560219778561037,1.445683229480096,1.8384776310850235,7.6046038687100594,5.371219600798314,4.465422712353221,10.27326627709026,3.334666400106613,1.833030277982336,1.833030277982336,2.569046515733026,6.30158710167526,2.65329983228432,0
297369,5.296225070746145,10.311643903859364,1.9390719429665315,1.8681541692269408,2.1610182784974308,1.61245154965971,3.047950130825634,4.533210782657255,9.847842403288144,7.317786550590281,1.9849433241279208,2.262741699796952,2.3937418407171647,1.4628738838327795,1.7262676501632068,2.8530685235374214,0
85343,1.8138357147217052,1.4798648586948742,1.2767145334803705,1.284523257866513,1.3564659966250536,4.182104733265296,4.044749683231337,3.333166662499792,1.5264337522473748,1.445683229480096,1.4106735979665883,1.3928388277184118,1.8520259177452132,2.703701166919154,2.258317958127243,3.9370039370059056,0
482398,1.8275666882497064,1.5231546211727816,1.378404875209022,1.2806248474865698,1.2328828005937953,1.3453624047073711,1.2288205727444508,1.6,1.4,1.61245154965971,1.4247806848775006,1.3038404810405295,1.3190905958272918,1.2767145334803705,1.2922847983320085,1.5556349186104046,0
169387,2.7910571473905725,2.2293496809607958,1.797220075561143,1.3674794331177345,1.3527749258468684,1.3527749258468684,1.3820274961085253,4.594562003064057,1.7175564037317668,2.213594362117865,1.9313207915827968,1.452583904633395,1.4422205101855958,1.3527749258468684,1.6552945357246849,1.697056274847714,0
102649,10.29465880930495,19.165594172892213,6.840321629865075,2.073644135332772,1.624807680927192,1.5066519173319364,2.23159136044214,6.077005841695399,4.777028364998475,13.456225325105104,2.313006701244076,1.7262676501632068,1.3711309200802089,1.5874507866387544,1.8547236990991407,2.4248711305964283,0
366126,11.793218390244457,16.49969696691427,3.746998799039039,2.1142374511865976,2.12367605815953,3.722902093797257,5.716642371182581,8.209141246196218,10.431682510506157,3.928103868280471,1.992485884517128,1.857417562100671,2.1587033144922905,2.630589287593181,3.130495168499705,8.716650732936362,0
529228,1.743559577416269,1.3527749258468684,1.3674794331177345,1.3711309200802089,1.3928388277184118,1.3928388277184118,2.8722813232690143,2.986636904613616,1.4866068747318506,1.493318452306808,1.4594519519326423,1.3928388277184118,1.5329709716755893,2.7982137159266447,5.1536394906900505,1.4247806848775006,0
360797,9.483670175622937,8.79772697916911,2.567099530598687,2.142428528562855,1.8547236990991407,2.1330729007701543,3.757658845611187,8.885381252371786,8.02122185206219,3.151190251317746,1.972308292331602,1.8384776310850235,1.7,1.8788294228055933,2.4617067250182343,8.421995013059554,0
481180,2.495996794869737,4.934571916590131,1.676305461424021,1.396424004376894,1.2727922061357857,1.449137674618944,1.2688577540449522,1.6911534525287764,3.159113799786263,2.186321110907545,1.5427248620541512,1.466287829861518,1.449137674618944,1.4,1.407124727947029,1.6031219541881396,0
521510,2.078460969082653,1.6,1.3892443989449803,1.4106735979665883,1.224744871391589,1.445683229480096,1.5684387141358125,1.841195263952197,1.4422205101855958,1.5198684153570663,1.5264337522473748,1.4352700094407325,1.3228756555322954,1.3928388277184118,1.5620499351813308,1.5905973720586866,0
583524,2.090454496036687,3.4,2.1213203435596424,2.821347195933177,1.5362291495737217,1.3638181696985856,1.6822603841260722,4.483302354291979,11.9870763741623,6.435060217278467,3.4409301068170506,1.760681686165901,1.3379088160259651,1.6852299546352716,2.247220505424423,5.442425929675111,0
116289,7.166589146867567,7.701298591796061,2.1330729007701543,1.5491933384829668,1.3416407864998738,2.487971060924946,2.04939015319192,5.078385570237849,6.958448102845922,3.9534794801541593,1.8708286933869709,1.6186414056238645,1.5874507866387544,2.244994432064365,1.4422205101855958,2.340939982143925,0
163070,2.483948469674844,1.7635192088548397,1.5,1.4560219778561037,1.3152946437965904,1.1224972160321824,1.3711309200802089,5.2459508194416005,1.4798648586948742,1.396424004376894,1.5231546211727816,1.3820274961085253,1.3856406460551018,1.3379088160259651,1.688194301613413,2.443358344574124,0
267717,11.97539143410352,8.865100112237876,2.215851980616034,1.7578395831246945,2.2737634001804143,2.778488797889961,14.286357128393508,5.055689863905815,7.798076685952761,2.961418578992169,1.676305461424021,2.085665361461421,2.6814175355583845,6.079473661428265,10.885311203635842,8.473488065725943,0
173292,11.00727032465361,8.206704576137732,5.920304046246273,2.4372115213907883,3.508560958569767,2.1095023109728985,2.046948949045872,5.489080068645383,10.797221864905806,6.507687761409578,2.930870177950569,2.9427877939124323,2.428991560298224,1.7663521732655694,2.5219040425836985,4.760252094164762,0
524718,1.7578395831246945,1.466287829861518,1.3601470508735445,1.3379088160259651,1.3928388277184118,1.6093476939431082,2.9765752132274432,1.7888543819998317,1.493318452306808,1.57797338380595,1.4352700094407325,1.4966629547095769,1.5652475842498528,3.515679166249389,3.738983819167984,1.5297058540778354,0
325385,9.707728879609276,2.336664289109585,1.7378147196982767,1.4212670403551897,1.2529964086141667,1.3490737563232045,1.445683229480096,3.419064199455752,6.726812023536855,2.0542638584174138,1.9131126469708992,1.4966629547095769,1.3304134695650072,1.2884098726725126,1.688194301613413,8.317451532771322,0
98089,6.614378277661476,22.207431188680964,5.143928459844674,1.816590212458495,1.452583904633395,1.3416407864998738,1.489966442575134,4.356604182158393,4.4294469180700204,7.673982017179869,1.5652475842498528,1.5362291495737217,1.4177446878757824,1.3564659966250536,1.3892443989449803,1.7175564037317668,0
521845,1.743559577416269,1.3638181696985856,1.4832396974191326,1.374772708486752,1.2369316876852985,1.4247806848775006,2.184032966784156,1.5874507866387544,1.3856406460551018,1.5937377450509227,1.5491933384829668,1.3379088160259651,1.3341664064126333,1.8547236990991407,2.8809720581775866,1.6673332000533063,0
401000,16.479987864073202,8.915155635209068,4.379497688091638,2.3622023622035435,2.202271554554524,3.333166662499792,5.293392107146419,16.10279478848315,5.733236433289665,7.88986691902975,4.2485291572496005,2.3664319132398464,1.63707055437449,1.8814887722226776,4.954795656734998,13.31014650557987,0
87479,1.9748417658131496,1.3453624047073711,1.3038404810405295,1.2884098726725126,1.6340134638368191,4.298837052040936,4.823898838076935,3.0643106892089125,1.5362291495737217,1.396424004376894,1.42828568570857,1.407124727947029,1.905255888325765,3.255764119219941,2.630589287593181,3.7,0
19111,1.606237840420901,2.083266665599966,1.6278820596099706,1.374772708486752,1.5716233645501712,1.5652475842498528,4.548626166217664,3.1256999216175565,1.5937377450509227,1.783255450012701,1.6278820596099706,1.816590212458495,1.624807680927192,2.181742422927143,4.592385001282014,1.9390719429665315,0
186603,8.414867794564572,14.88388390172404,4.340506882842141,2.0976176963403037,4.071854614300467,2.0346989949375804,2.293468988235943,3.4669871646719432,3.769615364994153,4.752893855326458,4.0853396431631,2.1283796653792764,1.4730919862656235,1.4594519519326423,1.8466185312619388,2.479919353527449,0
141465,12.386282735348807,3.280243893371345,4.619523784980439,2.222611077089287,1.5684387141358125,1.8303005217723127,1.816590212458495,7.916438593205912,1.7492855684535902,3.594440151122286,7.930321557162736,2.328089345364563,1.5132745950421556,1.3820274961085253,2.06881608655772,2.683281572999748,0
577553,2.433105012119288,2.5942243542145698,1.697056274847714,2.467792535850613,1.5362291495737217,1.6031219541881396,1.2569805089976536,3.0512292604784714,3.0708305065568173,4.401136216933078,2.4474476501040834,1.61245154965971,2.1118712081942874,2.683281572999748,2.224859546128699,5.774945887192364,0
477085,4.001249804748512,8.22009732302483,2.4738633753705965,1.493318452306808,1.5231546211727816,1.4628738838327795,1.452583904633395,2.224859546128699,3.704051835490427,2.9154759474226504,1.452583904633395,1.3892443989449803,1.4422205101855958,1.4387494569938155,1.3928388277184118,1.7,0
542402,2.5475478405713994,17.307223925286227,5.739337940912697,4.355456348076514,4.537620521815371,12.735383779062175,2.86705423736629,5.761944116355173,18.6566342087741,8.687922651589389,3.907684736515984,4.571651780264984,21.197169622381196,3.4146742157927745,3.5057096285916205,8.663140308225419,0
104959,6.110646446980876,20.41396580775034,4.536518488885502,1.6093476939431082,1.2529964086141667,1.2449899597988732,1.4142135623730951,6.393746945258313,4.455333881989093,6.809552114493287,1.7691806012954132,1.4798648586948742,1.466287829861518,1.3564659966250536,1.469693845669907,1.862793601019716,0
525963,1.6822603841260722,1.4422205101855958,1.3527749258468684,1.2688577540449522,1.4317821063276353,1.493318452306808,3.462657938636157,2.5865034312755126,1.6186414056238645,1.7204650534085253,1.5231546211727816,1.47648230602334,1.7349351572897471,3.7616485747608057,4.445222154178574,1.760681686165901,0
230546,9.93529063490344,5.857473858242988,2.202271554554524,1.5,1.3820274961085253,1.5524174696260025,2.0024984394500787,6.099180272790763,4.611941023040083,2.670205984563738,1.8083141320025125,1.833030277982336,1.493318452306808,1.3379088160259651,2.0223748416156684,4.339354790749426,0
438181,2.364318083507378,3.856163896931768,1.5198684153570663,1.2922847983320085,1.2288205727444508,1.3638181696985856,1.19582607431014,1.6155494421403511,3.004995840263344,2.0223748416156684,1.469693845669907,1.4832396974191326,1.3152946437965904,1.3190905958272918,1.4106735979665883,2.2,0
404568,4.944694126030447,4.532107677449864,3.0967725134404045,1.466287829861518,1.5905973720586866,1.4966629547095769,1.5842979517754858,3.263433774416144,2.584569596664017,5.9455865984779,3.2893768406797053,1.5811388300841898,1.4387494569938155,1.3601470508735445,1.7748239349298849,5.92452529743945,0
24431,1.4317821063276353,1.4106735979665883,1.3820274961085253,1.4594519519326423,1.3304134695650072,1.57797338380595,5.912698199637793,2.433105012119288,1.4317821063276353,1.47648230602334,1.5937377450509227,1.7175564037317668,1.786057109949175,2.23606797749979,1.9672315572906005,1.6613247725836149,0
76413,1.42828568570857,1.3527749258468684,1.2922847983320085,1.2369316876852985,1.6911534525287764,5.64889369699944,4.274342054632502,2.8,1.4422205101855958,1.5132745950421556,1.3416407864998738,1.5297058540778354,2.477902338672773,3.1192947920964444,2.090454496036687,2.2516660498395407,0
315294,2.8495613697550013,2.080865204668481,1.9570385790780929,1.746424919657298,2.569046515733026,1.8110770276274832,1.4422205101855958,2.740437921208944,2.009975124224178,1.794435844492636,1.8138357147217052,2.756809750418044,3.4985711369071804,1.4422205101855958,1.606237840420901,1.772004514666935,0
578304,2.313006701244076,2.3194827009486403,1.6462077633154328,1.8547236990991407,1.4866068747318506,1.4594519519326423,1.2206555615733703,3.345145736735546,2.7748873851023217,4.279018579066934,2.1748563170931545,1.51657508881031,1.466287829861518,1.6401219466856725,2.6739483914241875,4.941659640242335,0
32024,1.5459624833740306,1.396424004376894,1.449137674618944,1.4142135623730951,1.61245154965971,1.4594519519326423,3.054504869860253,2.6888659319497505,1.51657508881031,1.6217274740226857,1.6462077633154328,1.8384776310850235,2.751363298439521,1.8788294228055933,2.981610303175115,1.5132745950421556,0
710726,3.815756805667783,2.039607805437114,1.772004514666935,1.5716233645501712,1.835755975068582,1.3928388277184118,1.7,7.251896303726357,1.8734993995195195,1.8601075237738276,1.6911534525287764,1.4730919862656235,1.3190905958272918,1.3,1.5716233645501712,2.349468024894146,0
180606,12.17004519301387,3.920459156782532,3.157530680769389,1.8303005217723127,1.5132745950421556,1.5716233645501712,2.130727575266252,5.876223276901585,2.6095976701399777,6.894200461257274,6.994998213009064,2.677685567799177,1.6733200530681511,1.5524174696260025,3.018277654557314,3.676955262170047,0
134376,3.872983346207417,2.211334438749598,1.786057109949175,1.3304134695650072,1.2409673645990855,1.378404875209022,1.3453624047073711,4.355456348076514,1.6340134638368191,1.6492422502470645,1.449137674618944,1.4560219778561037,1.4247806848775006,1.3453624047073711,1.4212670403551897,1.9157244060668015,0
626689,5.645352070508977,8.70804225988827,2.6267851073127395,1.5556349186104046,1.6278820596099706,1.3038404810405295,1.997498435543818,3.1921779399024737,4.910193478876367,3.664696440361739,1.57797338380595,1.378404875209022,1.4212670403551897,1.57797338380595,1.8027756377319943,1.9849433241279208,0
593707,2.2494443758403984,5.561474624593733,2.824889378365107,1.8110770276274832,1.624807680927192,1.5,1.4594519519326423,4.370354676682432,10.727534665523107,5.529918625079396,2.9410882339705484,1.6852299546352716,1.489966442575134,1.5556349186104046,2.7748873851023217,7.291090453423274,0
613415,2.3473389188611,2.073644135332772,1.5905973720586866,1.6031219541881396,1.489966442575134,1.3416407864998738,1.3228756555322954,3.1096623610932426,2.4041630560342617,2.5377155080899043,1.8138357147217052,1.5588457268119895,1.493318452306808,1.4212670403551897,2.2,7.833262411026456,0
39270,4.937610758251403,2.5298221281347035,2.181742422927143,1.3674794331177345,1.5556349186104046,1.4106735979665883,2.4186773244895647,2.6286878856189837,2.3622023622035435,2.649528259898354,1.6155494421403511,1.8867962264113207,2.389560629069704,1.688194301613413,2.0976176963403037,2.1447610589527217,0
440135,3.4452866353904428,6.067124524847006,1.786057109949175,1.307669683062202,1.396424004376894,1.3820274961085253,2.1047565179849186,2.213594362117865,7.576278769950324,3.27566787083184,1.705872210923198,1.296148139681572,1.5132745950421556,1.6911534525287764,2.2516660498395407,2.7440845468024486,0
448272,4.722287581247038,8.140024569987489,2.7202941017470885,2.092844953645635,4.464302857109943,3.062678566222711,1.8466185312619388,2.988310559496787,13.471822445385778,6.115553940568262,2.703701166919154,4.6872166581031856,4.606517122512408,1.8708286933869709,2.258317958127243,4.605431575867782,0
419501,9.270382947861432,5.793099343184096,2.295648056649799,1.5937377450509227,1.8547236990991407,1.9157244060668015,3.529872518944558,13.032267646115928,3.678314831549904,2.505992817228333,2.01246117974981,1.857417562100671,1.8055470085267789,1.6733200530681511,3.63318042491699,6.591661399070799,0
412420,6.470703207534711,2.1095023109728985,1.8466185312619388,1.6852299546352716,1.407124727947029,1.5748015748023625,1.9595917942265424,6.190315016216864,2.7367864366808017,1.783255450012701,1.6186414056238645,1.7578395831246945,1.7233687939614086,1.606237840420901,2.085665361461421,7.247068372797376,0
694545,7.368853370776216,1.8788294228055933,1.6,1.5588457268119895,1.6186414056238645,1.4106735979665883,1.8275666882497064,8.559789717043287,3.1496031496047245,1.8601075237738276,1.5748015748023625,1.4387494569938155,1.378404875209022,1.3416407864998738,1.9390719429665315,4.142463035441596,0
228666,5.640035460881429,3.472751070837068,2.431049156228644,1.466287829861518,1.4798648586948742,1.4212670403551897,1.5874507866387544,3.380828300875393,3.517101079013795,3.1921779399024737,2.932575659723036,1.5652475842498528,1.40356688476182,1.3038404810405295,1.6217274740226857,4.357751713900185,0
378000,6.129437168288781,2.3579652245103198,1.746424919657298,1.4798648586948742,1.5066519173319364,1.5427248620541512,2.412467616362964,7.891767862779544,3.916631205513228,1.6093476939431082,1.4628738838327795,1.7492855684535902,1.5874507866387544,1.6431676725154984,2.5179356624028344,9.07193474403338,0
562074,2.613426869074396,2.414539293529927,1.711724276862369,1.786057109949175,1.469693845669907,1.4142135623730951,1.284523257866513,3.07408522978788,2.657066051117285,4.068169121361598,2.0322401432901573,1.5748015748023625,1.6278820596099706,1.7378147196982767,2.0952326839756963,4.415880433163924,0
115731,5.830951894845301,2.613426869074396,2.414539293529927,2.1354156504062622,1.6,1.740689518552921,1.452583904633395,5.148786264742401,2.4859605789312105,1.8439088914585773,1.8947295321496416,1.5748015748023625,1.7146428199482249,1.449137674618944,1.4628738838327795,2.4248711305964283,0
591862,2.5019992006393608,2.5238858928247927,1.8193405398660247,1.7492855684535902,1.396424004376894,1.3928388277184118,1.6792855623746663,3.930648801406709,4.141255848169731,2.805352027821108,2.1,1.5874507866387544,1.4866068747318506,3.3436506994600976,3.8144462245521296,6.495382975621991,0
572938,2.142428528562855,5.414794548272353,1.783255450012701,2.2293496809607958,1.4730919862656235,1.7888543819998317,1.61245154965971,3.448187929913334,16.6910155472937,6.191930232165088,2.420743687382041,1.664331697709324,1.6822603841260722,1.5556349186104046,2.4859605789312105,5.913543776789007,0
549046,2.37065391822594,11.890332207301864,4.07308237088326,3.681032463861192,4.431703961232068,5.720139858430037,4.142463035441596,6.222539674441618,15.412981541544776,10.78563859954523,4.05585995813465,3.0116440692751194,6.906518659932803,1.9544820285692064,3.2726136343907144,7.877182237323192,0
441919,3.395585369269929,5.990826320300064,2.1,1.5620499351813308,1.9364916731037085,1.6340134638368191,1.3527749258468684,2.19317121994613,9.033825324855467,3.5270384177096794,1.918332609325088,1.944222209522358,2.004993765576342,1.6852299546352716,1.8520259177452132,3.504283093587046,0
554547,2.4083189157584592,5.263078946776307,2.0542638584174138,1.949358868961793,1.5,1.6703293088490063,1.6186414056238645,3.67967389859482,13.969967788080258,8.548684109265004,2.727636339397171,1.8466185312619388,1.8110770276274832,1.5427248620541512,2.1,5.426785420486054,0
546706,2.455605831561735,13.510366390294529,3.477067730142742,2.9597297173897483,4.0877866871939394,10.860939185908371,2.9631064780058107,3.357082066318904,18.099723754798028,7.824321056807421,3.293933818400121,3.4971416900091423,14.17991537351334,2.227105745132009,2.7658633371878665,6.386704940734306,0
455003,3.176476034853718,6.160357132504576,1.933907960581372,1.4,1.1832159566199232,1.3190905958272918,1.489966442575134,2.1354156504062622,4.146082488325576,2.5,1.6941074346097416,1.5748015748023625,1.57797338380595,1.5,1.8303005217723127,2.3874672772626644,0
344818,10.62402936742929,9.017205775626948,2.3853720883753127,1.664331697709324,1.8193405398660247,4.016217125604641,5.291502622129181,12.174563647211343,5.953150426454887,3.2588341473600644,1.865475810617763,1.783255450012701,1.5556349186104046,1.7888543819998317,2.9664793948382653,8.141252974819048,0
76913,1.4594519519326423,1.4966629547095769,1.2884098726725126,1.3453624047073711,1.2369316876852985,1.9748417658131496,2.019900987672416,2.794637722496424,1.2449899597988732,1.2688577540449522,1.3820274961085253,1.4212670403551897,1.5198684153570663,1.6401219466856725,1.6613247725836149,1.452583904633395,0
370182,8.955445270895245,13.159787232322566,2.9223278392404914,2.056696380120313,1.6733200530681511,2.4248711305964283,2.968164415931166,3.5425979167836705,10.85080642164443,3.769615364994153,1.8,1.7146428199482249,1.7578395831246945,1.503329637837291,1.816590212458495,3.504283093587046,0
272292,14.990330216509577,10.29417310909429,2.8301943396169813,2.603843313258308,8.555115428794634,5.2687759489277965,12.362443124237217,6.8527366796047255,15.303267624922462,8.511756575466665,2.658947160061666,4.149698784249286,7.6863515402302545,4.583666654546336,4.235563716909474,8.324662155306964,0
285939,3.81051177665153,5.120546845796843,1.794435844492636,1.6792855623746663,2.545584412271571,2.8722813232690143,2.771281292110204,2.727636339397171,13.792389205645264,4.070626487409524,2.0976176963403037,3.093541659651604,4.709564735726647,1.6217274740226857,1.6911534525287764,3.0512292604784714,0
74328,2.019900987672416,1.4317821063276353,1.3152946437965904,1.2884098726725126,1.2165525060596438,2.325940669922601,3.03315017762062,4.973932046178355,1.5132745950421556,1.40356688476182,1.4422205101855958,1.5297058540778354,1.4798648586948742,2.213594362117865,2.9563490998188966,3.8026306683663087,0
361444,5.200961449578338,5.594640292279746,1.96468827043885,1.3856406460551018,1.8788294228055933,2.8583211855912904,3.1496031496047245,5.076416058598822,6.0654760736483,2.19317121994613,1.82208671582886,1.63707055437449,1.7804493814764857,1.6552945357246849,1.865475810617763,4.288356328478313,0
229858,9.615092303249096,8.738993077008358,2.195449840010015,1.5811388300841898,1.6401219466856725,1.452583904633395,1.8520259177452132,4.459820624195552,4.008740450565489,2.5039968051097827,1.96468827043885,1.503329637837291,1.4798648586948742,1.3,1.972308292331602,4.9668903752750575,0
433537,1.9621416870348585,1.841195263952197,1.3416407864998738,1.378404875209022,1.2727922061357857,1.224744871391589,1.2922847983320085,1.918332609325088,3.07408522978788,2.046948949045872,1.452583904633395,1.4106735979665883,1.296148139681572,1.3038404810405295,1.4798648586948742,1.9849433241279208,0
196213,8.325262758616091,3.189043743820395,3.054504869860253,1.697056274847714,1.493318452306808,1.42828568570857,1.6673332000533063,3.861346915261565,2.107130750570548,4.851803788283282,4.001249804748512,2.0615528128088303,1.466287829861518,1.296148139681572,2.092844953645635,2.8442925306655784,0
685047,7.630858405186142,2.3108440016582685,1.6186414056238645,1.5132745950421556,1.8055470085267789,2.5219040425836985,4.026164427839479,8.58079250419214,4.043513323831146,1.8734993995195195,1.6186414056238645,1.5459624833740306,1.8439088914585773,7.1014083110323964,2.102379604162864,5.42125446737192,0
476991,2.794637722496424,5.473572873361603,1.9595917942265424,1.4,1.2,1.3674794331177345,1.3564659966250536,2.019900987672416,3.179622619116929,2.6888659319497505,1.6673332000533063,1.3490737563232045,1.32664991614216,1.40356688476182,1.3038404810405295,1.8083141320025125,0
23303,1.7291616465790582,1.8814887722226776,1.5427248620541512,1.2165525060596438,1.3928388277184118,1.42828568570857,4.101219330881976,3.687817782917155,1.9313207915827968,3.7296112397943033,1.7175564037317668,1.489966442575134,1.469693845669907,1.8947295321496416,2.7766886753829643,1.5874507866387544,0
487761,1.9157244060668015,1.4866068747318506,1.5427248620541512,1.284523257866513,1.3856406460551018,1.3820274961085253,1.1357816691600546,3.0380915061926625,1.5459624833740306,1.6278820596099706,1.5198684153570663,1.396424004376894,1.307669683062202,1.296148139681572,1.4,1.7916472867168918,0
689951,6.190315016216864,2.0248456731316584,1.7378147196982767,1.6703293088490063,1.8275666882497064,1.3674794331177345,1.8303005217723127,8.17312669668102,2.8879058156387303,1.862793601019716,1.606237840420901,1.5394804318340654,1.4177446878757824,1.4422205101855958,1.7748239349298849,3.789459064299283,0
581699,2.351595203260969,3.594440151122286,1.794435844492636,1.9519221295943132,1.449137674618944,1.3856406460551018,1.4628738838327795,4.008740450565489,11.055315463612969,4.711687595755898,2.0346989949375804,1.5905973720586866,1.3228756555322954,1.6186414056238645,2.3874672772626644,7.080960386840192,0
281125,9.85900603509299,11.378049041905207,2.073644135332772,1.8303005217723127,1.57797338380595,1.3820274961085253,1.740689518552921,4.764451699828638,4.957822102496216,2.565151067676132,1.7888543819998317,1.489966442575134,1.3674794331177345,1.3820274961085253,1.711724276862369,4.5661800227323495,0
285747,3.8340579025361623,4.689349635077342,2.0024984394500787,1.740689518552921,2.336664289109585,2.714774392099645,2.9748949561287032,2.638181191654584,13.48814294111684,3.681032463861192,1.9131126469708992,2.711088342345192,4.758150901348127,1.5748015748023625,1.664331697709324,3.1144823004794877,0
396426,5.07247474118896,4.280186911806539,1.740689518552921,1.3856406460551018,1.5842979517754858,1.489966442575134,2.179449471770337,5.303772242470448,2.986636904613616,1.8248287590894656,1.503329637837291,1.6186414056238645,1.466287829861518,1.4730919862656235,1.7578395831246945,6.48459713474939,0
195190,8.059776671843954,3.54400902933387,2.8774989139876315,1.5231546211727816,1.760681686165901,1.711724276862369,1.5652475842498528,3.726929030716845,2.4515301344262523,5.8206528843421,4.47548880012005,1.9026297590440449,1.5588457268119895,2.0542638584174138,2.1283796653792764,3.318132004607412,0
617760,2.336664289109585,2.4617067250182343,1.5264337522473748,2.6476404589747453,1.5198684153570663,1.5132745950421556,1.5556349186104046,3.423448553724738,2.694438717061496,3.477067730142742,1.944222209522358,1.7320508075688772,1.489966442575134,1.9390719429665315,2.295648056649799,4.993996395673509,0
226484,8.112336284942828,3.746998799039039,2.9137604568666933,1.5297058540778354,1.3190905958272918,1.3416407864998738,1.3892443989449803,3.2218007387174024,3.1416556144810017,4.619523784980439,3.972404813208241,1.8814887722226776,1.4560219778561037,1.5556349186104046,1.5905973720586866,4.6604720790924175,0
531084,4.632493928760188,3.391164991562634,4.201190307520001,2.092844953645635,1.6552945357246849,1.284523257866513,1.3892443989449803,1.8708286933869709,2.894822965226026,4.486646854834911,3.509985754956849,1.6522711641858303,1.6186414056238645,1.5427248620541512,1.783255450012701,3.1937438845342623,0
541545,2.2181073012818837,2.968164415931166,2.930870177950569,2.5258661880630178,2.1400934559032696,6.387487769068525,1.740689518552921,2.835489375751565,6.609841147864296,6.019136150644875,3.5454195802471675,1.9,3.930648801406709,2.3473389188611,3.357082066318904,4.402272140611028,0
677102,6.769785816405125,5.205766033928148,2.9223278392404914,1.6613247725836149,1.8138357147217052,1.5491933384829668,2.0346989949375804,8.515867542417507,3.721558813185679,3.1937438845342623,1.7349351572897471,1.5132745950421556,1.503329637837291,1.3711309200802089,1.7804493814764857,4.723346271447817,0
539520,2.0371548787463363,2.672077843177477,1.5362291495737217,1.9467922333931784,1.5937377450509227,1.3601470508735445,1.4317821063276353,2.56124969497314,7.866384175718855,3.1240998703626617,2.1,1.624807680927192,1.489966442575134,1.5231546211727816,2.009975124224178,5.0823223038292245,0
385478,6.09343909463285,7.59670981412348,2.1142374511865976,1.63707055437449,1.7320508075688772,2.896549671592048,3.298484500494129,3.652396473549935,5.206726418777925,3.3689761055846037,1.8841443681416767,1.5620499351813308,1.4594519519326423,1.5394804318340654,1.9467922333931784,6.688049042882386,0
5554,8.179853299418028,3.9230090491866063,1.6792855623746663,1.3228756555322954,1.7349351572897471,3.5270384177096794,4.246174749112429,4.142463035441596,4.418144406874904,2.41039415863879,1.5937377450509227,1.378404875209022,1.7776388834631178,2.749545416973504,3.280243893371345,3.8845849199110063,0
174660,13.774251340817038,3.558089374931439,2.2,1.7,1.6186414056238645,1.7549928774784245,2.2068076490713917,6.199193495931548,3.6578682316343767,2.8635642126552705,1.9874606914351791,1.8248287590894656,1.6278820596099706,1.5716233645501712,2.19317121994613,4.308131845707603,0
39761,6.371812928829597,4.5,2.1447610589527217,1.6217274740226857,2.328089345364563,1.9595917942265424,2.846049894151541,3.984971769034255,7.662245101796209,3.351119216023208,1.972308292331602,2.6324893162176366,1.743559577416269,2.1260291625469296,3.676955262170047,6.700746227100382,0
143078,8.882567196480982,2.8530685235374214,3.3376638536557275,1.6613247725836149,1.2767145334803705,1.6031219541881396,1.7804493814764857,8.033679107357974,1.8138357147217052,2.8407745422683583,6.664833081180653,1.8193405398660247,1.3228756555322954,1.3892443989449803,1.8708286933869709,2.345207879911715,0
488876,1.7776388834631178,1.445683229480096,1.4387494569938155,1.3,1.2727922061357857,1.3638181696985856,1.1874342087037917,1.3820274961085253,1.396424004376894,1.5588457268119895,1.6,1.3892443989449803,1.3820274961085253,1.2767145334803705,1.3711309200802089,1.3564659966250536,0
178733,12.433020550131817,4.054626986542659,3.357082066318904,1.972308292331602,1.5132745950421556,1.5588457268119895,1.944222209522358,5.525395913416522,2.2847319317591723,5.777542730261716,4.618441295502196,2.0371548787463363,1.5264337522473748,1.5,1.982422760159901,3.2848135411313684,0
98882,6.637017402418047,4.813522618623496,2.8301943396169813,1.6155494421403511,1.4560219778561037,1.5524174696260025,1.6093476939431082,4.477722635447623,3.819685850956856,18.514588842315675,6.315853069855251,1.9672315572906005,1.4142135623730951,1.6911534525287764,1.5588457268119895,1.905255888325765,0
617818,2.336664289109585,2.4617067250182343,1.5264337522473748,2.6476404589747453,1.5198684153570663,1.5132745950421556,1.5556349186104046,3.423448553724738,2.694438717061496,3.477067730142742,1.944222209522358,1.7320508075688772,1.489966442575134,1.9390719429665315,2.295648056649799,4.993996395673509,0
78029,2.009975124224178,1.5099668870541498,1.4,1.3892443989449803,1.445683229480096,3.271085446759225,3.061045573002793,3.2680269276736382,1.4387494569938155,1.3379088160259651,1.3564659966250536,1.489966442575134,1.746424919657298,2.584569596664017,1.994993734326,2.794637722496424,0
672934,5.654201977290871,7.319836063738039,3.0967725134404045,1.6522711641858303,1.5937377450509227,1.4798648586948742,1.9519221295943132,7.242237223399963,3.781534080237808,3.75099986670221,2.824889378365107,1.469693845669907,1.6340134638368191,1.42828568570857,1.6,3.095157508108432,0
217489,10.588200980336556,3.7735924528226414,2.592296279363144,1.711724276862369,1.4594519519326423,1.6155494421403511,1.8814887722226776,4.622769732530488,3.0380915061926625,3.424908757908742,2.6608269391300143,1.469693845669907,1.4560219778561037,1.445683229480096,2.0760539492026693,3.4957116585897072,0
218875,2.0445048300260877,3.402939905434711,2.8861739379323623,1.6278820596099706,1.4628738838327795,1.3892443989449803,1.1269427669584644,1.2569805089976536,2.5377155080899043,9.42761899951414,8.122807396460907,2.569046515733026,1.4594519519326423,1.5099668870541498,2.41039415863879,2.9597297173897483,0
17946,1.8841443681416767,2.711088342345192,1.905255888325765,1.449137674618944,1.2727922061357857,1.378404875209022,4.217819341792628,3.479942528261063,1.8439088914585773,2.894822965226026,1.6733200530681511,1.70293863659264,1.6031219541881396,1.4142135623730951,3.352610922848042,1.8027756377319943,0
593608,2.4576411454889016,6.153048025166064,3.835361782153021,2.3302360395462087,1.9078784028338915,4.13763217311544,3.2062439083762797,5.92536918681022,14.275153239107452,7.5742986473996385,3.3166247903554,1.8601075237738276,6.41482657598785,2.6758176320519302,3.1780497164141406,8.174961773610931,0
663622,6.6385239323211,1.8384776310850235,1.783255450012701,1.5491933384829668,1.8193405398660247,1.4142135623730951,1.9364916731037085,8.517041739947034,2.1213203435596424,1.676305461424021,1.6278820596099706,1.5716233645501712,1.4142135623730951,1.284523257866513,1.5842979517754858,3.586084215408221,0
658427,7.122499561249548,7.433034373659253,2.584569596664017,1.835755975068582,1.786057109949175,1.4387494569938155,1.8547236990991407,10.197548725061331,3.64828726939094,2.9154759474226504,1.5198684153570663,1.6552945357246849,1.4247806848775006,1.4142135623730951,1.664331697709324,4.360045871318328,0
500792,3.5510561809129406,1.624807680927192,1.4560219778561037,1.1789826122551597,1.2083045973594573,1.466287829861518,2.5475478405713994,2.4041630560342617,2.5298221281347035,1.7175564037317668,1.5811388300841898,1.4866068747318506,1.3638181696985856,2.0223748416156684,3.026549190084311,5.785326265648291,0
305156,4.189272013130682,12.19959015705036,1.98997487421324,1.6309506430300091,2.5377155080899043,2.3727621035409343,2.9274562336608896,3.0446674695276656,10.87152243248387,3.0805843601498726,1.9235384061671343,2.727636339397171,4.968903299521938,1.772004514666935,1.7262676501632068,3.3645207682521443,0
709525,7.986238163240563,2.0639767440550294,1.5264337522473748,1.407124727947029,1.5264337522473748,1.3892443989449803,1.5905973720586866,10.854492157627645,1.9390719429665315,1.857417562100671,1.7804493814764857,1.5132745950421556,1.284523257866513,1.3416407864998738,1.7320508075688772,3.976179070414209,0
576742,2.3151673805580453,2.3832750575625967,1.949358868961793,2.16794833886788,1.469693845669907,1.3490737563232045,1.3856406460551018,3.370459909270543,3.271085446759225,6.216912416947821,2.5865034312755126,1.5297058540778354,1.3416407864998738,1.374772708486752,2.090454496036687,5.105878964487897,0
378089,8.141867107733951,3.83275357934736,2.749545416973504,1.9078784028338915,1.5905973720586866,2.2693611435820435,2.751363298439521,7.215261603018979,4.380639222761902,2.870540018881465,1.944222209522358,1.5937377450509227,1.743559577416269,1.6401219466856725,2.224859546128699,8.913472948295743,0
453220,2.527844931952908,3.371943060017473,1.6941074346097416,1.296148139681572,1.3341664064126333,1.2206555615733703,2.102379604162864,1.7,4.340506882842141,2.4228082879171438,1.5,1.4966629547095769,1.4317821063276353,1.849324200890693,2.4413111231467406,2.5298221281347035,0
13773,1.5362291495737217,1.6583123951777,1.3928388277184118,1.2409673645990855,1.40356688476182,1.2569805089976536,1.396424004376894,3.3166247903554,1.2529964086141667,1.3892443989449803,1.3564659966250536,1.5905973720586866,1.697056274847714,1.452583904633395,1.5684387141358125,1.42828568570857,0
279257,7.920858539325141,10.112863096077191,2.071231517720798,1.7578395831246945,2.3769728648009427,1.6552945357246849,1.624807680927192,3.301514803843836,5.032891812864648,2.32163735324878,1.6673332000533063,2.4474476501040834,4.288356328478313,1.503329637837291,1.6703293088490063,5.6098128311023,0
467900,2.083266665599966,2.9631064780058107,1.3379088160259651,1.5329709716755893,1.3674794331177345,1.3820274961085253,1.131370849898476,1.3190905958272918,3.3466401061363023,2.1118712081942874,1.5231546211727816,1.3379088160259651,1.3928388277184118,1.3114877048604,1.4560219778561037,2.004993765576342,0
373875,6.035726965329031,9.855455342093537,2.1142374511865976,1.3856406460551018,1.5198684153570663,2.8722813232690143,3.3166247903554,2.8106938645110398,11.450327506233174,3.411744421846396,1.6703293088490063,1.6155494421403511,1.5556349186104046,1.6673332000533063,1.5556349186104046,2.5238858928247927,0
478864,1.8303005217723127,1.7088007490635062,1.3490737563232045,1.1874342087037917,1.131370849898476,1.2449899597988732,1.2529964086141667,1.70293863659264,1.469693845669907,1.4866068747318506,1.4142135623730951,1.3379088160259651,1.407124727947029,1.296148139681572,1.2688577540449522,1.6492422502470645,0
389891,7.385797181076664,10.461835403025608,2.4657656011875906,1.876166303929372,1.8466185312619388,2.7440845468024486,3.266496594212215,3.928103868280471,8.325262758616091,3.424908757908742,1.7663521732655694,1.6792855623746663,1.7175564037317668,1.876166303929372,2.181742422927143,3.649657518178932,0
418022,1.772004514666935,1.5524174696260025,1.5811388300841898,1.4317821063276353,1.6522711641858303,1.503329637837291,1.47648230602334,3.2062439083762797,1.6155494421403511,1.5748015748023625,1.6309506430300091,1.865475810617763,1.743559577416269,1.503329637837291,1.697056274847714,1.5968719422671311,0
456930,2.336664289109585,2.7982137159266447,1.4866068747318506,1.2328828005937953,1.2727922061357857,1.3228756555322954,1.2649110640673518,1.7204650534085253,3.9420806688854046,2.2181073012818837,1.6155494421403511,1.5524174696260025,1.5099668870541498,1.307669683062202,1.5231546211727816,1.8947295321496416,0
307038,6.075360071633615,6.904346457123947,1.9595917942265424,1.6941074346097416,2.039607805437114,1.5556349186104046,1.624807680927192,3.095157508108432,9.429209935090002,5.608921464952063,2.433105012119288,1.9235384061671343,1.6552945357246849,1.469693845669907,1.876166303929372,3.461213659975356,0
489691,2.23606797749979,3.8026306683663087,1.6431676725154984,1.1874342087037917,1.2884098726725126,1.3928388277184118,1.2649110640673518,1.5427248620541512,2.071231517720798,1.7291616465790582,1.5652475842498528,1.4628738838327795,1.4317821063276353,1.2922847983320085,1.3711309200802089,1.4317821063276353,0
632941,4.240283009422838,4.32087954009366,2.01246117974981,1.47648230602334,1.3928388277184118,1.3928388277184118,1.876166303929372,4.358898943540674,4.263801121065568,2.846049894151541,1.5394804318340654,1.374772708486752,1.4798648586948742,1.40356688476182,1.4832396974191326,2.353720459187964,0
116457,6.282515419798028,7.215954545311383,1.9364916731037085,1.5811388300841898,1.4177446878757824,3.4655446902326914,2.463736998950984,5.142956348249516,5.81033561853358,3.928103868280471,1.8601075237738276,1.5329709716755893,1.4212670403551897,3.443835071544513,1.676305461424021,2.6457513110645907,0
43027,1.174734012447073,1.2767145334803705,1.2609520212918492,1.2489995996796797,1.7291616465790582,1.4730919862656235,4.369210454990696,1.82208671582886,1.374772708486752,1.5198684153570663,1.4966629547095769,1.8867962264113207,2.563201123595259,2.0024984394500787,2.961418578992169,1.489966442575134,0
429498,3.9496835316263,1.7291616465790582,1.5066519173319364,1.4177446878757824,1.5198684153570663,1.977371993328519,2.7640549922170505,7.2034713853808015,2.195449840010015,1.5491933384829668,1.5937377450509227,1.6,1.5874507866387544,1.4628738838327795,1.8520259177452132,5.292447448959697,0
713733,8.26559132790873,1.94164878389476,1.6,1.5524174696260025,1.6852299546352716,1.4730919862656235,1.9748417658131496,12.039102956615997,1.5459624833740306,1.6941074346097416,1.5874507866387544,1.5066519173319364,1.42828568570857,1.3228756555322954,1.711724276862369,3.0099833886584824,0
427602,3.2726136343907144,1.4966629547095769,1.6673332000533063,1.3114877048604,1.3304134695650072,1.5362291495737217,1.40356688476182,2.151743479135001,1.8138357147217052,1.5524174696260025,1.378404875209022,1.5811388300841898,1.3228756555322954,1.5066519173319364,1.5524174696260025,3.043024810940588,0
514420,2.734958866235469,1.4317821063276353,1.4212670403551897,1.2569805089976536,1.2727922061357857,1.396424004376894,3.043024810940588,2.073644135332772,2.1142374511865976,1.5556349186104046,1.407124727947029,1.3416407864998738,1.4106735979665883,2.004993765576342,3.4307433596816885,5.037856687123999,0
107390,7.9328431221095,2.535744466621193,1.994993734326,1.6217274740226857,1.2922847983320085,1.374772708486752,1.6613247725836149,6.103277807866851,1.6792855623746663,1.7262676501632068,1.47648230602334,1.4142135623730951,1.4422205101855958,1.3114877048604,1.5968719422671311,2.073644135332772,0
522945,2.090454496036687,1.5491933384829668,1.4422205101855958,1.3674794331177345,1.2409673645990855,1.5716233645501712,2.0663978319771825,1.6217274740226857,1.8110770276274832,1.841195263952197,1.452583904633395,1.4966629547095769,1.452583904633395,1.3601470508735445,1.9209372712298547,2.1354156504062622,0
195768,12.103718436910205,4.050925820105819,2.988310559496787,1.7233687939614086,1.5652475842498528,1.5132745950421556,1.8520259177452132,5.308483775994799,5.456189146281496,6.669332800213226,6.824221567329126,2.572936066053721,1.5427248620541512,1.5427248620541512,2.3769728648009427,5.276362383309167,0
331351,8.414273587185052,4.412482294582041,2.090454496036687,1.9621416870348585,1.624807680927192,1.6462077633154328,11.594395197680646,5.455272678794342,6.6257075093909785,2.5942243542145698,2.056696380120313,1.624807680927192,1.407124727947029,3.54400902933387,4.640043103248073,6.185466837676846,0
360719,9.483670175622937,8.79772697916911,2.567099530598687,2.142428528562855,1.8547236990991407,2.1330729007701543,3.757658845611187,8.885381252371786,8.02122185206219,3.151190251317746,1.972308292331602,1.8384776310850235,1.7,1.8788294228055933,2.4617067250182343,8.421995013059554,0
28487,16.208331191088117,9.768316129200567,2.3345235059857505,1.794435844492636,3.672873534441392,7.179136438319027,7.3484692283495345,5.658621740318043,14.137538682528865,5.174939613174245,1.9209372712298547,2.4413111231467406,2.4413111231467406,5.389805191284746,5.160426338976267,8.006872048434394,0
657655,9.721625378505388,12.799609369039354,4.159326868617084,2.177154105707724,2.313006701244076,2.23159136044214,4.604345773288535,8.151073548925932,7.286974680894672,4.734976240700686,1.7888543819998317,1.6031219541881396,2.004993765576342,4.342810150121693,3.3166247903554,3.241913015489465,0
276062,10.563143471523995,14.228492541376264,2.328089345364563,2.1283796653792764,6.34901567173999,3.781534080237808,4.551922670696417,4.433959855479073,13.763357148602951,8.948184173339303,2.5317977802344327,4.110960958218893,6.761656601750786,2.1095023109728985,2.027313493271329,5.73410847473258,0
423342,4.662617290749907,1.9798989873223327,1.7888543819998317,1.7748239349298849,1.8193405398660247,1.57797338380595,3.0298514815086235,9.122499657440388,1.70293863659264,1.8547236990991407,1.746424919657298,1.8248287590894656,1.697056274847714,1.5329709716755893,2.04939015319192,1.9672315572906005,0
264716,12.049481316637658,7.816009211867652,2.364318083507378,2.0542638584174138,1.5524174696260025,1.857417562100671,13.854602123482293,5.6258332716140815,9.627564593395364,7.18679344353238,2.151743479135001,1.6673332000533063,1.466287829861518,5.817215828899595,5.721887800367987,7.429670248402684,0
195578,18.269920634748253,32.523222472565664,10.277159140540736,3.8262252939417984,4.810405388322278,4.108527716834828,3.508560958569767,7.19027120489902,2.147091055358389,5.349766350038102,4.15571895103603,1.949358868961793,1.5874507866387544,1.407124727947029,1.760681686165901,2.6888659319497505,0
593018,2.37065391822594,2.181742422927143,1.5132745950421556,1.91049731745428,1.407124727947029,1.3453624047073711,1.5968719422671311,4.057092555020159,2.86879765755621,3.241913015489465,1.688194301613413,1.5198684153570663,1.32664991614216,1.3152946437965904,1.9672315572906005,5.968249324550709,0
481334,2.364318083507378,4.253234063627348,1.7204650534085253,1.396424004376894,1.2922847983320085,1.3379088160259651,1.3453624047073711,1.6093476939431082,2.6888659319497505,1.9131126469708992,1.5556349186104046,1.4594519519326423,1.445683229480096,1.3453624047073711,1.4387494569938155,1.783255450012701,0
580416,2.3302360395462087,2.5,1.7804493814764857,1.8788294228055933,1.3,1.47648230602334,1.2124355652982142,3.51283361405006,7.211795892841117,6.338769596696191,2.414539293529927,1.6,1.3856406460551018,1.4212670403551897,2.1166010488516727,6.1773780845922,0
419944,1.8841443681416767,1.5968719422671311,1.688194301613413,1.296148139681572,1.4560219778561037,1.5459624833740306,1.5811388300841898,2.2045407685048604,1.6,1.70293863659264,1.5620499351813308,1.7691806012954132,1.5811388300841898,1.6792855623746663,1.6911534525287764,1.5491933384829668,0
429389,4.313930922024598,1.6217274740226857,1.5198684153570663,1.4730919862656235,1.5459624833740306,2.078460969082653,3.1559467676119,7.363423117002037,2.1166010488516727,1.6703293088490063,1.6309506430300091,1.5588457268119895,1.4628738838327795,1.3928388277184118,1.5588457268119895,4.290687590584987,0
389285,5.205766033928148,7.978095010715277,2.2759613353482084,1.5684387141358125,1.6852299546352716,3.0215889859476257,3.772267222772003,3.2015621187164243,4.303486958270002,2.567099530598687,1.7204650534085253,1.746424919657298,1.6733200530681511,1.6462077633154328,1.63707055437449,3.168595903550972,0
19185,1.3190905958272918,1.4387494569938155,1.374772708486752,1.3453624047073711,1.224744871391589,1.174734012447073,2.355843797877949,3.1559467676119,1.3564659966250536,1.4832396974191326,1.3341664064126333,1.3892443989449803,1.5264337522473748,1.3453624047073711,1.9748417658131496,1.61245154965971,0
231712,18.1121506177483,6.281719509815764,2.4819347291981715,1.8520259177452132,1.9026297590440449,1.8973665961010275,2.6076809620810595,8.349251463454673,3.9382737335030433,2.826658805020514,1.9313207915827968,1.6941074346097416,1.6031219541881396,1.2727922061357857,2.569046515733026,7.630858405186142,0
481685,2.463736998950984,4.862098312457287,1.6822603841260722,1.4730919862656235,1.2529964086141667,1.396424004376894,1.3,1.6401219466856725,3.722902093797257,2.1260291625469296,1.469693845669907,1.3564659966250536,1.5,1.2124355652982142,1.396424004376894,1.7291616465790582,0
487026,4.709564735726647,8.402975663418287,2.7367864366808017,1.876166303929372,2.209072203437452,1.4212670403551897,1.63707055437449,2.559296778413945,8.555115428794634,4.11703777004778,2.282542442102665,2.896549671592048,2.694438717061496,1.6093476939431082,1.89208879284245,4.448595283907045,0
622005,2.137755832643195,3.806573262134856,1.688194301613413,1.3674794331177345,1.4866068747318506,1.1357816691600546,1.5811388300841898,3.0805843601498726,2.4372115213907883,2.027313493271329,1.445683229480096,1.4387494569938155,1.2727922061357857,1.1874342087037917,1.4177446878757824,1.5459624833740306,0
651749,9.816822296446036,11.49434643640081,4.03732584763727,2.08806130178211,2.5298221281347035,3.2233522922572395,6.709694478886502,9.107140056021978,6.2088646305101545,4.340506882842141,1.876166303929372,1.6309506430300091,1.8547236990991407,8.895504482602433,2.3937418407171647,2.879236009777593,0
44100,1.2922847983320085,1.2449899597988732,1.3114877048604,1.2727922061357857,1.4560219778561037,1.445683229480096,3.163858403911275,1.42828568570857,1.3228756555322954,1.3820274961085253,1.469693845669907,1.740689518552921,2.3108440016582685,1.688194301613413,2.328089345364563,1.5684387141358125,0
163605,2.6286878856189837,1.7916472867168918,1.4142135623730951,1.4387494569938155,1.2165525060596438,1.2767145334803705,1.4,4.995998398718719,1.5811388300841898,1.4560219778561037,1.61245154965971,1.4212670403551897,1.4,1.4247806848775006,1.6431676725154984,1.6941074346097416,0
651130,11.532996141506334,13.65576801208925,4.969909455915671,2.297825058615212,4.567274898667694,5.30754180388624,3.179622619116929,12.282914963476708,10.282023147221562,6.846166810705097,2.734958866235469,3.106444913401813,5.425863986500215,4.801041553663121,2.6457513110645907,6.117188896870849,0
281903,9.253647929330356,9.66385016440135,2.118962010041709,1.9519221295943132,5.10098029794274,2.5514701644346145,1.760681686165901,4.125530268947253,4.178516483155236,2.6172504656604803,2.0074859899884734,3.0066592756745814,4.166533331199932,1.3928388277184118,1.5748015748023625,6.485368146836385,0
137212,8.50764362206128,6.215303693304134,6.516901104052447,2.233830790368868,1.5198684153570663,2.91032644217105,1.5231546211727816,5.9808026217222725,6.8905732707808856,4.835286961494633,9.909086738948249,2.569046515733026,1.40356688476182,1.6,1.57797338380595,2.328089345364563,0
286912,4.906118628814432,3.661966684720111,2.1656407827707715,1.8384776310850235,7.265672714897087,4.374928570845472,4.2391036788453285,4.491102314577124,14.6157449348297,4.114608122288197,1.9026297590440449,6.368673331236264,7.868926229162401,2.240535650240808,3.345145736735546,3.4583232931581165,0
302894,5.296225070746145,11.1314868728306,2.0346989949375804,1.5132745950421556,1.51657508881031,1.42828568570857,1.5874507866387544,3.3000000000000003,9.646242791885346,7.651797174520506,2.2181073012818837,1.7233687939614086,1.42828568570857,1.4422205101855958,1.7320508075688772,2.65329983228432,0
634398,5.485435260760991,8.589528508596965,2.505992817228333,1.4,1.449137674618944,1.4387494569938155,1.6340134638368191,4.844584605515729,5.473572873361603,3.3896902513356584,1.4594519519326423,1.42828568570857,1.42828568570857,1.3601470508735445,1.5132745950421556,2.154065922853801,0
364864,8.064118054691411,7.503998933901843,2.2671568097509267,1.9390719429665315,1.9364916731037085,2.8930952282978866,6.472248450113763,7.118988692223074,6.250599971202765,2.846049894151541,1.8083141320025125,1.6941074346097416,1.7378147196982767,1.5588457268119895,1.96468827043885,7.464583042608609,0
340022,11.115754585272205,9.730364844136114,3.2588341473600644,2.2671568097509267,2.1213203435596424,3.402939905434711,5.61426753904728,14.3429425153976,7.406078584514209,4.488875137492688,2.2715633383201093,2.0174241001832014,1.797220075561143,1.8303005217723127,3.031501278244824,8.036168241145775,0
414075,3.8768543949960255,1.7088007490635062,1.6613247725836149,1.5716233645501712,1.6186414056238645,1.6155494421403511,1.4798648586948742,2.824889378365107,2.0420577856662137,1.6583123951777,1.61245154965971,1.6031219541881396,1.5427248620541512,1.6093476939431082,1.711724276862369,4.881598098983569,0
83373,1.7088007490635062,1.396424004376894,1.2922847983320085,1.2409673645990855,1.6186414056238645,3.606937759374287,4.980963762164908,3.0099833886584824,1.5,1.3190905958272918,1.4212670403551897,1.42828568570857,1.6852299546352716,3.237282811247729,2.188606862823929,3.4985711369071804,0
166700,5.181698563212646,5.468089245796926,2.443358344574124,1.469693845669907,1.4560219778561037,1.2609520212918492,1.4832396974191326,5.831809324729333,6.198386886924694,9.466255859631092,2.5942243542145698,1.7349351572897471,1.4352700094407325,1.4560219778561037,1.7549928774784245,3.0903074280724887,0
386726,7.145628033979938,9.031611151948471,2.2427661492005804,1.8601075237738276,1.5811388300841898,3.566510900025402,4.05585995813465,4.1436698710201325,4.328972164382672,2.5219040425836985,1.7916472867168918,1.624807680927192,1.6733200530681511,1.7804493814764857,2.0074859899884734,6.604543890383347,0
328201,9.560857702110203,3.043024810940588,2.293468988235943,1.835755975068582,1.772004514666935,1.8303005217723127,18.929606440705523,8.080222769206305,6.835202996254025,2.471841418861655,1.70293863659264,1.6309506430300091,1.5362291495737217,4.21070065428546,6.158733636065128,10.793516572461453,0
323549,5.619608527290847,2.1142374511865976,1.969771560359221,1.5459624833740306,1.493318452306808,1.4594519519326423,1.5198684153570663,2.7129319932501077,3.945883931389772,2.1213203435596424,1.6155494421403511,1.3638181696985856,1.2649110640673518,1.4177446878757824,1.5362291495737217,3.336165463522456,0
398094,3.0967725134404045,1.6401219466856725,1.5459624833740306,1.3416407864998738,1.5099668870541498,1.5491933384829668,2.179449471770337,6.36553218513582,1.6941074346097416,1.5329709716755893,1.5459624833740306,1.6217274740226857,1.4106735979665883,1.4730919862656235,1.783255450012701,2.1563858652847827,0
528106,1.5231546211727816,1.2449899597988732,1.469693845669907,1.3453624047073711,1.3416407864998738,1.4352700094407325,3.052867504494749,1.466287829861518,1.4317821063276353,1.6733200530681511,1.4177446878757824,1.32664991614216,1.493318452306808,2.716615541441225,4.428317965096905,1.5066519173319364,0
393014,5.574047003748713,7.199305522062527,2.282542442102665,1.8110770276274832,1.6792855623746663,3.74299345444258,5.346026561849464,3.2924155266308657,3.897435053981016,2.278157149978904,1.57797338380595,1.5427248620541512,1.466287829861518,1.6186414056238645,1.9235384061671343,5.2182372502599,0
573996,2.349468024894146,2.3345235059857505,1.9209372712298547,2.0518284528683197,1.6673332000533063,1.47648230602334,1.3674794331177345,3.977436360270268,6.582552696332935,6.094259594077036,2.539685019840059,1.705872210923198,1.378404875209022,1.493318452306808,2.455605831561735,6.216108107168021,0
590989,2.535744466621193,1.8466185312619388,1.5620499351813308,1.7549928774784245,1.6340134638368191,1.3711309200802089,1.5968719422671311,7.269112738154499,2.5019992006393608,2.533771891863985,1.6186414056238645,1.5491933384829668,1.4,1.4142135623730951,2.325940669922601,4.369210454990696,0
373465,8.605230967266364,14.140367746278736,2.929163703175362,1.7291616465790582,1.6031219541881396,2.7313000567495327,2.545584412271571,3.106444913401813,10.44317959244214,3.340658617698013,1.5937377450509227,1.7492855684535902,1.6155494421403511,1.5556349186104046,1.783255450012701,3.057776970284131,0
351707,9.128526715741154,5.90592922409336,2.4186773244895647,2.137755832643195,1.992485884517128,1.9209372712298547,2.7748873851023217,10.455142275454696,4.6475800154489,2.683281572999748,2.04939015319192,1.794435844492636,1.6792855623746663,1.786057109949175,2.958039891549808,3.383784863137726,0
419226,1.6340134638368191,1.664331697709324,1.8055470085267789,1.4422205101855958,1.3711309200802089,1.6852299546352716,1.5459624833740306,1.743559577416269,1.6941074346097416,1.7262676501632068,1.7233687939614086,1.7635192088548397,1.5394804318340654,1.5905973720586866,1.493318452306808,1.6673332000533063,0
601293,2.293468988235943,2.412467616362964,1.9544820285692064,1.857417562100671,1.466287829861518,1.407124727947029,1.42828568570857,4.043513323831146,3.438022687534217,6.822023160324216,2.555386467836128,1.5329709716755893,1.6186414056238645,1.4628738838327795,2.0149441679609885,4.709564735726647,0
494890,1.5362291495737217,1.3564659966250536,1.4177446878757824,1.3038404810405295,1.2409673645990855,1.2922847983320085,1.2922847983320085,1.3304134695650072,1.697056274847714,1.5937377450509227,1.6522711641858303,1.469693845669907,1.2409673645990855,1.2529964086141667,1.2206555615733703,1.8520259177452132,0
254108,2.951270912674741,2.3685438564654024,1.7578395831246945,1.40356688476182,1.3453624047073711,1.3601470508735445,1.1489125293076057,1.47648230602334,1.5874507866387544,1.6278820596099706,1.4628738838327795,1.5588457268119895,1.469693845669907,1.4177446878757824,1.374772708486752,1.5459624833740306,0
29157,1.5684387141358125,1.4798648586948742,1.3711309200802089,1.449137674618944,1.5459624833740306,1.4866068747318506,3.5749125863438955,3.683748091278773,1.4798648586948742,1.4730919862656235,1.489966442575134,2.0346989949375804,2.753179979587241,2.262741699796952,2.5514701644346145,1.5684387141358125,0
394456,4.0,6.358458932791813,1.7233687939614086,1.3527749258468684,1.4594519519326423,2.6095976701399777,3.522782990761708,2.349468024894146,3.333166662499792,2.1908902300206643,1.4798648586948742,1.5491933384829668,1.4966629547095769,1.794435844492636,1.8303005217723127,2.949576240750525,0
338431,2.08806130178211,1.849324200890693,1.833030277982336,1.6522711641858303,1.9,1.3379088160259651,2.8160255680657444,2.2516660498395407,5.273518749374084,2.154065922853801,1.8248287590894656,2.282542442102665,2.039607805437114,2.389560629069704,2.6115129714401197,2.7748873851023217,0
468854,2.1283796653792764,2.3065125189341598,1.4142135623730951,1.407124727947029,1.1661903789690602,1.2409673645990855,1.3820274961085253,1.6673332000533063,4.437341546466758,2.172556098240043,1.5842979517754858,1.3820274961085253,1.4106735979665883,1.3190905958272918,1.452583904633395,1.746424919657298,0
566216,2.184032966784156,2.414539293529927,1.6852299546352716,1.794435844492636,1.3892443989449803,1.3638181696985856,1.407124727947029,2.9782545223670858,2.705549851693737,5.73410847473258,2.4698178070456938,1.6522711641858303,1.4,1.5427248620541512,1.6462077633154328,3.395585369269929,0
467946,2.083266665599966,2.9631064780058107,1.3379088160259651,1.5329709716755893,1.3674794331177345,1.3820274961085253,1.131370849898476,1.3190905958272918,3.3466401061363023,2.1118712081942874,1.5231546211727816,1.3379088160259651,1.3928388277184118,1.3114877048604,1.4560219778561037,2.004993765576342,0
685476,5.342284155677232,2.0149441679609885,1.6431676725154984,1.6309506430300091,1.7175564037317668,1.8788294228055933,3.0298514815086235,7.050531894828929,4.595650117230423,1.70293863659264,1.493318452306808,1.3892443989449803,1.3341664064126333,4.55411901469428,2.0976176963403037,4.232020793899765,0
175144,13.27667126956151,13.245754036671524,2.527844931952908,1.7663521732655694,1.5874507866387544,1.7888543819998317,2.1047565179849186,6.57419196555744,7.535914012248282,6.724581771381772,6.870953354520754,2.812472222085047,1.606237840420901,1.4142135623730951,2.8231188426986207,3.725587202039432,0
365260,7.553145040312677,6.945502141674136,2.0663978319771825,1.7691806012954132,1.794435844492636,2.282542442102665,2.6608269391300143,4.357751713900185,8.113568881817669,2.4083189157584592,1.6093476939431082,1.841195263952197,1.7776388834631178,1.816590212458495,1.9364916731037085,6.438167441127949,0
357516,7.134423592694787,10.81434232859308,2.9,2.04939015319192,1.82208671582886,2.533771891863985,3.6,7.723988606931007,9.591141746424144,3.97994974842648,1.982422760159901,1.7916472867168918,1.743559577416269,1.705872210923198,1.905255888325765,3.3226495451672298,0
440959,2.7549954627911823,4.848711168960263,1.786057109949175,1.407124727947029,1.3453624047073711,1.3379088160259651,1.8303005217723127,2.0976176963403037,6.860757975617563,2.8442925306655784,1.5968719422671311,1.6278820596099706,1.3856406460551018,2.2847319317591723,2.6514147167125706,2.3685438564654024,0
334544,2.958039891549808,10.606601717798211,1.9621416870348585,1.7233687939614086,1.992485884517128,1.4352700094407325,3.2848135411313684,2.619160170741759,6.443601477434805,3.1480152477394387,1.82208671582886,2.6514147167125706,1.8275666882497064,2.4228082879171438,1.9595917942265424,3.0166206257996717,0
373301,8.452810183601665,12.979599377484654,2.7313000567495327,1.7262676501632068,1.47648230602334,2.590366769397724,3.2326459750489227,3.797367509209505,12.450301201175815,3.6207733980463344,1.5652475842498528,1.6217274740226857,1.5264337522473748,1.5231546211727816,1.7233687939614086,3.2264531609803355,0
41023,9.111531155629113,3.758989225842501,1.624807680927192,1.7204650534085253,3.167017524422623,3.7643060449437424,3.168595903550972,3.152776554086889,4.78330429724056,2.2,1.6792855623746663,2.588435821108957,1.9748417658131496,3.1749015732775088,3.2218007387174024,6.905794668247818,0
543050,2.3874672772626644,11.260550608207398,2.3937418407171647,2.535744466621193,2.0074859899884734,4.174925149029621,1.760681686165901,2.8861739379323623,11.145851246091524,8.256512580987206,2.7982137159266447,1.9157244060668015,3.73496987939662,1.5968719422671311,2.0149441679609885,4.793745925682754,0
512222,3.8845849199110063,1.740689518552921,1.5362291495737217,1.3711309200802089,1.5329709716755893,1.3892443989449803,1.8841443681416767,2.4657656011875906,2.107130750570548,1.7916472867168918,1.5459624833740306,1.606237840420901,1.7549928774784245,1.452583904633395,2.19317121994613,4.778074926160116,0
425653,4.947726750741193,2.080865204668481,1.7635192088548397,1.5427248620541512,1.5811388300841898,1.4,3.2233522922572395,9.22496612459905,2.636285265292813,1.740689518552921,1.4628738838327795,1.6583123951777,1.3856406460551018,1.503329637837291,2.19317121994613,6.465291950097845,0
546692,2.455605831561735,13.510366390294529,3.477067730142742,2.9597297173897483,4.0877866871939394,10.860939185908371,2.9631064780058107,3.357082066318904,18.099723754798028,7.824321056807421,3.293933818400121,3.4971416900091423,14.17991537351334,2.227105745132009,2.7658633371878665,6.386704940734306,0
346195,8.419026071939674,8.818163074019441,2.147091055358389,1.6217274740226857,1.783255450012701,2.794637722496424,3.461213659975356,6.394528911499267,7.050531894828929,2.882707061079915,1.688194301613413,1.6522711641858303,1.63707055437449,1.697056274847714,2.12367605815953,6.41404708432983,0
143633,17.10380074720236,6.317436188834835,4.775981574503821,2.2293496809607958,1.5394804318340654,2.188606862823929,2.4576411454889016,9.60676844729798,9.279008567729637,4.697871858618538,9.167333309092673,3.0066592756745814,1.740689518552921,1.47648230602334,2.0,10.548459603183774,0
542615,2.2759613353482084,7.437069315261221,2.5475478405713994,2.716615541441225,1.949358868961793,3.9293765408777,1.949358868961793,4.450842616853577,15.493547043850224,6.760917097554148,3.905124837953327,2.01246117974981,3.024896692450835,1.6552945357246849,2.539685019840059,7.597367965289031,0
531964,2.195449840010015,4.431703961232068,1.7262676501632068,2.9563490998188966,1.5968719422671311,4.174925149029621,1.3638181696985856,2.0663978319771825,3.558089374931439,2.826658805020514,1.7663521732655694,2.0591260281974,8.056674251823763,2.5019992006393608,2.08806130178211,4.262628297189424,0
469572,1.933907960581372,1.6186414056238645,1.2884098726725126,1.3711309200802089,1.2206555615733703,1.2806248474865698,1.2083045973594573,1.5264337522473748,3.333166662499792,1.7,1.4,1.4212670403551897,1.4177446878757824,1.2922847983320085,1.3856406460551018,1.8466185312619388,0
210958,10.820351195779184,2.670205984563738,2.2,1.4,1.493318452306808,1.4317821063276353,2.0223748416156684,6.284106937345991,2.186321110907545,3.3823069050575527,2.723967694375247,1.7888543819998317,1.4177446878757824,1.47648230602334,1.8973665961010275,3.034798181098704,0
617287,2.2427661492005804,4.715930449020639,3.737646318206152,2.7838821814150108,1.5905973720586866,3.4655446902326914,1.5716233645501712,3.2109188716004646,3.616628264005025,3.334666400106613,2.3874672772626644,1.7804493814764857,5.706137047074843,1.7916472867168918,2.3664319132398464,6.131883886702357,0
616391,2.181742422927143,2.227105745132009,1.5842979517754858,3.925557285278104,1.4798648586948742,1.452583904633395,1.5905973720586866,4.770744176750625,2.86705423736629,2.2759613353482084,1.6309506430300091,1.7549928774784245,1.3638181696985856,1.3856406460551018,2.1563858652847827,5.314132102234569,0
460727,2.085665361461421,1.6186414056238645,1.489966442575134,1.2328828005937953,1.284523257866513,1.2688577540449522,1.2529964086141667,1.606237840420901,4.588027898781785,2.195449840010015,1.6401219466856725,1.3928388277184118,1.3416407864998738,1.284523257866513,1.4247806848775006,2.340939982143925,0
45429,1.1,1.2288205727444508,1.32664991614216,1.1489125293076057,1.2688577540449522,1.2688577540449522,2.23606797749979,1.3820274961085253,1.3892443989449803,1.4628738838327795,1.374772708486752,1.40356688476182,1.307669683062202,1.4142135623730951,2.0074859899884734,1.3638181696985856,0
269831,5.722761571129799,8.61974477580398,2.0952326839756963,1.7635192088548397,4.831148931672465,2.714774392099645,2.467792535850613,3.1096623610932426,7.955501241279521,7.792945527847606,2.406241883103193,2.8478061731796283,4.440720662234903,1.6431676725154984,1.711724276862369,3.916631205513228,0
5761,2.046948949045872,1.5905973720586866,1.3527749258468684,1.2884098726725126,1.2083045973594573,1.296148139681572,3.640054944640259,4.504442251822083,1.452583904633395,1.445683229480096,1.469693845669907,1.5716233645501712,1.6522711641858303,1.9131126469708992,2.487971060924946,1.9748417658131496,0
578485,2.3173260452512934,11.836384583140244,4.228474902373195,4.024922359499621,3.0099833886584824,5.531726674375733,2.8231188426986207,3.770941526992961,4.528796749689701,3.6932370625238775,2.1748563170931545,1.8027756377319943,5.993329625508679,1.5066519173319364,2.253885533916929,5.722761571129799,0
176611,9.873702446397704,2.751363298439521,2.078460969082653,1.6822603841260722,1.4832396974191326,1.6431676725154984,2.154065922853801,4.857983120596447,2.2,3.057776970284131,3.014962686336267,1.9,1.5362291495737217,1.3152946437965904,2.0322401432901573,3.5383612025908264,0
478273,1.70293863659264,1.6340134638368191,1.3490737563232045,1.2609520212918492,1.1832159566199232,1.3228756555322954,1.1832159566199232,1.4212670403551897,1.4560219778561037,1.5198684153570663,1.5297058540778354,1.4,1.3228756555322954,1.374772708486752,1.1661903789690602,1.5874507866387544,0
503629,3.246536616149585,1.7146428199482249,1.5842979517754858,1.40356688476182,1.378404875209022,1.4594519519326423,2.493992782667985,2.019900987672416,2.3043437243605824,1.7349351572897471,1.5427248620541512,1.3892443989449803,1.374772708486752,1.918332609325088,2.903446228191595,4.02119385257662,0
90464,4.750789408087881,2.1142374511865976,1.5874507866387544,1.493318452306808,1.3038404810405295,1.3711309200802089,1.1661903789690602,3.835361782153021,1.9026297590440449,1.5231546211727816,1.489966442575134,1.4422205101855958,1.3527749258468684,1.4177446878757824,1.4866068747318506,1.8681541692269408,0
191127,3.281767816284388,3.562302626111375,2.7440845468024486,1.6155494421403511,1.3674794331177345,1.2922847983320085,1.3453624047073711,1.841195263952197,9.894442884771228,4.439594576084623,2.23159136044214,2.0445048300260877,2.027313493271329,3.481379037105842,2.282542442102665,3.803945320322047,0
174129,12.355970216862778,3.3166247903554,2.1213203435596424,1.8520259177452132,1.5620499351813308,1.6155494421403511,1.8734993995195195,5.083306010855534,2.3622023622035435,2.714774392099645,2.6172504656604803,1.9467922333931784,1.47648230602334,1.3928388277184118,2.0371548787463363,4.162931659299729,0
585815,2.3430749027719964,3.235737937472688,1.918332609325088,2.107130750570548,1.5099668870541498,1.449137674618944,1.4966629547095769,3.152776554086889,13.947759676736618,7.464583042608609,2.467792535850613,1.6155494421403511,1.4422205101855958,1.3601470508735445,2.240535650240808,5.55607775323564,0
649592,11.287603820120548,12.88681496724462,6.89492567037528,3.260368077380221,4.5934736311423405,4.308131845707603,5.413871073455665,14.593834314531598,11.637869220780924,8.88313007897554,2.8930952282978866,3.348133808556641,4.394314508543967,7.732399368889323,4.033608806019741,6.775691846593969,0
465883,2.2561028345356955,2.65329983228432,1.42828568570857,1.2124355652982142,1.3341664064126333,1.2449899597988732,1.3490737563232045,1.697056274847714,3.9862262855989496,2.0445048300260877,1.70293863659264,1.445683229480096,1.3711309200802089,1.2727922061357857,1.4387494569938155,2.213594362117865,0
103969,6.157921727336261,14.873466307488648,3.3734255586866,1.47648230602334,1.2489995996796797,1.2288205727444508,1.466287829861518,4.662617290749907,2.340939982143925,6.317436188834835,1.697056274847714,1.5588457268119895,1.3820274961085253,1.396424004376894,1.61245154965971,1.8466185312619388,0
561583,2.0976176963403037,3.296968304366908,2.435159132377184,1.9748417658131496,1.5066519173319364,1.3820274961085253,1.5329709716755893,3.5538711287833724,6.120457499239742,6.30317380372777,3.844476557348217,2.0371548787463363,1.6401219466856725,1.449137674618944,2.0615528128088303,4.592385001282014,0
135250,6.957010852370434,2.6210684844162317,2.9966648127543394,1.7320508075688772,1.4387494569938155,1.4730919862656235,1.6492422502470645,5.717516943569122,1.7578395831246945,3.4146742157927745,6.979971346646059,1.9313207915827968,1.3674794331177345,1.5556349186104046,1.4317821063276353,1.8734993995195195,0
341475,16.087262041752165,13.165485179058155,3.640054944640259,2.4899799195977463,2.884441020371192,5.113707070218238,9.274157643689264,15.358059773291677,11.829201156460227,5.589275444992848,2.603843313258308,3.151190251317746,3.531288716601915,3.945883931389772,4.386342439892261,11.161093136427096,0
54966,3.591656999213594,2.716615541441225,1.70293863659264,1.1532562594670797,1.284523257866513,1.42828568570857,2.39165214862028,4.310452412450461,2.3853720883753127,4.4328320518603,2.336664289109585,1.466287829861518,1.4352700094407325,1.783255450012701,3.1780497164141406,3.609709129556009,0
590711,2.1166010488516727,2.3769728648009427,1.4730919862656235,1.697056274847714,1.469693845669907,1.2609520212918492,1.3856406460551018,3.215587038162705,3.0886890422961,4.346262762420146,2.264950330581225,1.4352700094407325,1.2767145334803705,1.3453624047073711,1.96468827043885,4.905099387372289,0
247256,14.110988625890108,2.932575659723036,1.783255450012701,1.6031219541881396,1.5459624833740306,1.5652475842498528,2.195449840010015,6.990708118638626,2.613426869074396,2.1047565179849186,1.98997487421324,1.7804493814764857,1.452583904633395,1.4317821063276353,2.1166010488516727,4.481071300481616,0
668942,9.234717104492155,16.81903683330291,8.141867107733951,3.0166206257996717,7.836453279386026,4.905099387372289,2.569046515733026,7.422937423958254,7.765951326141569,11.591376104673682,9.634313675607618,5.577633906953737,6.408587988004846,2.027313493271329,1.9748417658131496,3.966106403010388,0
151648,8.009993757800315,2.714774392099645,1.96468827043885,1.5459624833740306,1.3820274961085253,1.3416407864998738,1.5132745950421556,6.505382386916237,1.6673332000533063,1.5748015748023625,1.606237840420901,1.6,1.4628738838327795,1.3856406460551018,1.57797338380595,1.969771560359221,0
48970,1.5620499351813308,1.5329709716755893,1.284523257866513,1.4317821063276353,1.6462077633154328,1.676305461424021,5.447017532558529,2.85657137141714,1.624807680927192,1.6155494421403511,1.5459624833740306,2.4083189157584592,3.1432467291003423,2.9068883707497264,4.557411546042337,1.992485884517128,0
237629,9.8726896031426,3.9089640571384128,1.7691806012954132,1.4966629547095769,1.469693845669907,1.4832396974191326,1.835755975068582,4.838388161361178,4.287190222045203,2.4166091947189146,1.7804493814764857,1.6431676725154984,1.449137674618944,1.4317821063276353,2.0,5.842944463196617,0
306247,3.7775653535048206,9.752948272189288,1.743559577416269,1.6093476939431082,1.407124727947029,1.3674794331177345,1.4142135623730951,2.590366769397724,4.4237992721189325,2.2693611435820435,1.6309506430300091,1.5905973720586866,1.2806248474865698,1.3416407864998738,1.5362291495737217,2.1587033144922905,0
268786,10.53897528225586,6.400781202322104,1.9467922333931784,1.8083141320025125,1.6583123951777,1.8138357147217052,15.199342091024862,7.123903424387503,7.603946343840151,2.4899799195977463,1.7378147196982767,1.5937377450509227,1.2,4.007492981902775,3.720215047547655,6.236184731067546,0
445470,3.52845575287547,5.746303159423457,1.9544820285692064,1.42828568570857,1.3638181696985856,1.493318452306808,1.4106735979665883,2.12367605815953,6.691786009728643,2.824889378365107,1.5427248620541512,1.5066519173319364,1.4177446878757824,1.3711309200802089,1.40356688476182,1.944222209522358,0
501872,3.1984371183438958,1.7146428199482249,1.4628738838327795,1.47648230602334,1.3379088160259651,1.5099668870541498,2.7386127875258306,2.374868417407584,2.240535650240808,1.606237840420901,1.4832396974191326,1.4142135623730951,1.2806248474865698,2.1610182784974308,3.251153641401772,5.737595315112421,0
655953,12.027884269479816,14.511719401917883,4.571651780264984,2.1908902300206643,2.898275349237888,4.476605857119878,6.831544481301428,15.379856956421929,6.6000000000000005,4.752893855326458,2.071231517720798,2.154065922853801,2.819574435974337,9.756536270623917,3.971145930332956,5.137119815616529,0
370896,6.863672486358888,9.715451610707554,2.222611077089287,1.7776388834631178,1.5099668870541498,1.9131126469708992,2.4859605789312105,3.757658845611187,4.636809247747852,3.034798181098704,1.6492422502470645,1.7,1.5394804318340654,1.396424004376894,1.5,2.0024984394500787,0
643712,6.523802572120037,8.67928568489366,2.821347195933177,1.7,1.7233687939614086,1.5264337522473748,2.4474476501040834,5.574047003748713,4.578209256903839,3.9179076048319454,1.6401219466856725,1.4966629547095769,1.503329637837291,2.65329983228432,1.8867962264113207,2.4515301344262523,0
142658,13.032267646115928,3.427827300200522,5.734980383575867,2.247220505424423,1.5811388300841898,4.232020793899765,2.1330729007701543,11.763502879669812,1.857417562100671,3.774917217635375,9.195107394696375,2.8407745422683583,1.5231546211727816,1.7349351572897471,2.649528259898354,3.992492955535426,0
336232,3.737646318206152,4.006245124802026,2.080865204668481,1.9390719429665315,1.5066519173319364,1.2806248474865698,1.3638181696985856,2.420743687382041,4.893873721296862,3.0215889859476257,2.080865204668481,1.9261360284258224,1.5556349186104046,1.3892443989449803,1.6278820596099706,4.104875150354759,0
45083,1.3228756555322954,1.2288205727444508,1.3601470508735445,1.2041594578792296,1.2609520212918492,1.2,1.6941074346097416,1.2688577540449522,1.3820274961085253,1.378404875209022,1.3711309200802089,1.3892443989449803,1.5874507866387544,1.3820274961085253,1.4317821063276353,1.2884098726725126,0
548811,2.4698178070456938,7.164495795239188,1.9748417658131496,2.6210684844162317,1.5620499351813308,1.705872210923198,1.5968719422671311,3.298484500494129,14.079772725438431,9.810198774744578,3.509985754956849,1.865475810617763,1.6340134638368191,3.2388269481403293,2.493992782667985,6.114736298484179,0
202844,10.968591523071684,6.003332407921453,2.0542638584174138,1.5362291495737217,1.5811388300841898,1.6186414056238645,1.8814887722226776,5.13322510708424,8.221921916437786,3.4828149534536,1.949358868961793,1.5842979517754858,1.4212670403551897,1.4387494569938155,2.1587033144922905,3.671511950137164,0
487665,1.743559577416269,1.6462077633154328,1.3527749258468684,1.4352700094407325,1.296148139681572,1.32664991614216,1.174734012447073,1.5297058540778354,1.4832396974191326,1.503329637837291,1.4142135623730951,1.3416407864998738,1.4247806848775006,1.3038404810405295,1.3820274961085253,1.7088007490635062,0
547024,2.6210684844162317,3.159113799786263,1.5362291495737217,1.9748417658131496,1.5132745950421556,1.3601470508735445,1.4730919862656235,2.90516780926679,9.87674035297071,4.089009660052175,2.107130750570548,1.5459624833740306,1.4628738838327795,1.5264337522473748,1.89208879284245,4.672258554489466,0
362665,5.473572873361603,7.132320800412724,2.233830790368868,1.797220075561143,1.676305461424021,3.130495168499705,4.435087372307337,5.859180830116101,10.195096860746348,4.591296113299598,1.9519221295943132,1.7262676501632068,1.849324200890693,1.96468827043885,1.9748417658131496,2.9086079144497976,0
287160,5.339475629684998,4.369210454990696,2.1,2.2427661492005804,11.893695809125102,7.003570517957251,3.411744421846396,3.1733263305244863,11.4564392373896,3.5902646142032486,1.835755975068582,6.061352984276695,9.22875939658197,1.664331697709324,1.7320508075688772,3.738983819167984,0
487560,1.8055470085267789,1.6,1.378404875209022,1.2727922061357857,1.2449899597988732,1.2688577540449522,1.2206555615733703,1.469693845669907,1.5937377450509227,1.5937377450509227,1.4798648586948742,1.493318452306808,1.4730919862656235,1.2922847983320085,1.4212670403551897,1.6733200530681511,0
131925,8.219489035213806,22.1424930845648,5.657738063926254,2.0149441679609885,1.466287829861518,2.3345235059857505,1.3892443989449803,4.786439177509728,6.730527468185536,12.569805089976535,2.1095023109728985,1.47648230602334,1.4352700094407325,1.4247806848775006,1.5684387141358125,3.6606010435446255,0
186180,9.621850133939938,6.787488489861327,2.6551836094703507,1.7691806012954132,1.5,1.449137674618944,1.752141546793523,4.764451699828638,5.30754180388624,5.616938667993447,4.346262762420146,1.8681541692269408,1.5231546211727816,1.4317821063276353,1.7578395831246945,2.3345235059857505,0
684459,6.3063460101710245,3.641428291206625,1.8027756377319943,1.4966629547095769,1.697056274847714,2.1702534414210706,4.349712634186309,7.352550577860719,5.591064299397745,2.107130750570548,1.4247806848775006,1.5329709716755893,1.6031219541881396,6.140846847137616,1.94164878389476,3.45108678534748,0
440542,2.9664793948382653,4.632493928760188,1.8303005217723127,1.3711309200802089,1.3379088160259651,1.47648230602334,2.4738633753705965,2.1260291625469296,6.868041933477111,2.8495613697550013,1.7,1.47648230602334,1.3527749258468684,2.0445048300260877,2.4617067250182343,2.630589287593181,0
183394,11.10585431202841,5.821511831131154,2.4248711305964283,1.8814887722226776,1.6462077633154328,1.503329637837291,1.8384776310850235,4.471017781221631,6.56810474946921,4.601086828130937,3.492849839314596,1.876166303929372,1.5524174696260025,1.3856406460551018,2.1748563170931545,3.37934904974316,0
110032,9.348796714016196,2.9748949561287032,2.4041630560342617,1.8138357147217052,1.6093476939431082,4.141255848169731,2.4248711305964283,5.586591089385369,1.905255888325765,1.8894443627691184,1.8193405398660247,1.5264337522473748,2.5039968051097827,3.576310948449533,1.8083141320025125,2.2891046284519194,0
46306,1.4628738838327795,1.2922847983320085,1.3564659966250536,1.3856406460551018,1.2727922061357857,1.2727922061357857,2.395829710142188,2.1447610589527217,1.3527749258468684,1.374772708486752,1.378404875209022,1.9235384061671343,2.0248456731316584,1.688194301613413,2.2181073012818837,1.4628738838327795,0
212764,8.157205403813245,5.602677931132576,2.297825058615212,1.6340134638368191,1.374772708486752,1.4,1.6583123951777,3.9153543900903776,12.525973016097392,5.208646657242167,2.569046515733026,2.7586228448267445,2.3579652245103198,4.746577714522328,2.2869193252058544,4.509988913511872,0
325694,6.612110101926616,7.974333827975852,2.1047565179849186,1.63707055437449,1.6186414056238645,1.3928388277184118,1.606237840420901,3.559494346111537,4.054626986542659,2.455605831561735,2.6683328128252666,1.6093476939431082,1.3152946437965904,1.3601470508735445,1.5198684153570663,3.668787265568828,0
550512,2.5787593916455256,8.177407902263406,11.931890043073643,5.316954015223378,3.21403173599764,9.46097246587263,2.177154105707724,8.093824806604106,12.137133104650372,12.03951826278776,6.18465843842649,3.246536616149585,15.428544973522293,1.9544820285692064,3.653765181289022,5.902541825349482,0
25974,15.73975857502268,7.816009211867652,2.932575659723036,1.94164878389476,4.9779513858614575,5.999166608788258,8.702873088813831,5.6,12.014990636700473,5.742821606144491,2.6286878856189837,1.8303005217723127,2.3473389188611,3.340658617698013,3.552463933666322,7.844106067615353,0
350314,3.681032463861192,2.046948949045872,1.849324200890693,1.47648230602334,1.6093476939431082,1.6492422502470645,2.6019223662515376,8.067217612039482,1.7349351572897471,1.6911534525287764,1.5937377450509227,1.6552945357246849,1.752141546793523,1.5491933384829668,1.8841443681416767,1.9287301521985911,0
167806,5.56506963119061,2.181742422927143,1.5842979517754858,1.4866068747318506,1.2449899597988732,1.2569805089976536,1.4866068747318506,6.191930232165088,1.503329637837291,1.6093476939431082,1.5132745950421556,1.6278820596099706,1.3674794331177345,1.32664991614216,1.5684387141358125,1.969771560359221,0
541367,2.2671568097509267,6.627971031922213,2.056696380120313,2.3065125189341598,1.6462077633154328,1.7204650534085253,4.960846701924985,2.9206163733020465,15.546703830716014,6.160357132504576,2.495996794869737,1.8466185312619388,1.6093476939431082,2.009975124224178,2.734958866235469,7.1449282711585,0
318414,7.235329985563893,2.483948469674844,1.8814887722226776,1.6911534525287764,2.1166010488516727,1.3379088160259651,1.3674794331177345,3.552463933666322,5.488169093604897,2.3832750575625967,1.7776388834631178,2.4617067250182343,2.753179979587241,1.4317821063276353,1.7492855684535902,3.668787265568828,0
108921,6.588626564011653,2.533771891863985,2.3388031127053,1.7291616465790582,1.5231546211727816,1.3038404810405295,1.8193405398660247,6.528399497579786,1.7378147196982767,1.676305461424021,1.5588457268119895,1.5556349186104046,1.5716233645501712,1.4422205101855958,1.51657508881031,2.2715633383201093,0
49190,1.8138357147217052,1.407124727947029,1.3304134695650072,1.7088007490635062,5.152669211195301,2.406241883103193,5.094114250780011,3.477067730142742,1.7291616465790582,1.5198684153570663,1.6522711641858303,2.6324893162176366,3.7,2.3664319132398464,4.58257569495584,4.527692569068709,0
624007,7.541220060441148,5.31224999411737,2.1587033144922905,1.6911534525287764,1.8681541692269408,1.4628738838327795,2.04939015319192,11.557681428383464,3.675595189897821,2.8035691537752374,1.7204650534085253,1.6733200530681511,1.284523257866513,1.407124727947029,1.760681686165901,3.5651086939951777,0
258369,13.23518039166826,10.997272389097215,2.29128784747792,2.0542638584174138,1.9519221295943132,1.7378147196982767,13.706202975295527,6.541406576570516,10.92657311328671,5.056678751908213,2.1,2.102379604162864,2.958039891549808,7.1784399419372455,6.753517601961218,7.792945527847606,0
328328,11.515207336387824,2.6907248094147422,1.972308292331602,1.7175564037317668,1.5905973720586866,1.8027756377319943,16.06642461781712,7.5379042180171005,6.620422947214173,2.213594362117865,1.7549928774784245,1.5231546211727816,1.4422205101855958,4.773887304912004,5.726255320888163,7.880989785553589,0
46214,1.3638181696985856,1.5620499351813308,1.3,1.3341664064126333,1.378404875209022,1.4247806848775006,2.5748786379167465,1.9287301521985911,1.2449899597988732,1.4352700094407325,1.4212670403551897,1.8734993995195195,1.82208671582886,1.5937377450509227,2.224859546128699,1.5394804318340654,0
594914,2.3086792761230392,3.925557285278104,1.9390719429665315,1.6,1.42828568570857,1.307669683062202,1.4247806848775006,3.394112549695428,11.123398761170076,5.332916650389353,2.336664289109585,1.61245154965971,1.4212670403551897,1.374772708486752,2.195449840010015,5.451605268175604,0
624539,4.880573736764972,5.403702434442518,1.841195263952197,1.3228756555322954,1.6031219541881396,1.4177446878757824,1.5427248620541512,6.144102863722254,3.251153641401772,2.220360331117452,1.6093476939431082,1.493318452306808,1.3152946437965904,1.3038404810405295,1.5,1.9364916731037085,0
492168,2.7892651361962706,6.5612498809297,2.04939015319192,1.5684387141358125,1.449137674618944,1.3416407864998738,1.3114877048604,1.8439088914585773,3.1921779399024737,2.3664319132398464,1.5748015748023625,1.5905973720586866,1.3820274961085253,1.378404875209022,1.4422205101855958,1.9313207915827968,0
174012,12.349493916756265,2.657066051117285,1.9,1.688194301613413,1.47648230602334,1.4594519519326423,1.9544820285692064,5.079370039680118,2.009975124224178,2.8861739379323623,2.6739483914241875,1.5937377450509227,1.4832396974191326,1.4387494569938155,2.177154105707724,3.281767816284388,0
516372,1.982422760159901,1.4832396974191326,1.3674794331177345,1.3527749258468684,1.2649110640673518,1.5,2.9916550603303182,1.82208671582886,1.5556349186104046,1.6703293088490063,1.3638181696985856,1.4628738838327795,1.4832396974191326,2.3173260452512934,3.5014282800023198,3.9698866482558417,0
637867,6.241794613730894,9.45568612000208,2.86879765755621,1.6703293088490063,1.6155494421403511,1.5459624833740306,1.5394804318340654,3.5327043465311387,5.94306318324145,3.263433774416144,1.5066519173319364,1.4422205101855958,1.4387494569938155,1.307669683062202,1.6792855623746663,2.3194827009486403,0
570864,2.3065125189341598,2.771281292110204,2.027313493271329,6.375735251718032,1.3820274961085253,1.3190905958272918,1.3228756555322954,3.160696125855821,4.4,7.032069396699666,3.9420806688854046,1.7,1.5556349186104046,1.493318452306808,1.9467922333931784,4.313930922024598,0
447624,2.7440845468024486,4.5793012567421245,1.6340134638368191,1.3114877048604,1.2569805089976536,1.3114877048604,1.3820274961085253,1.876166303929372,6.7,3.0380915061926625,1.57797338380595,1.5394804318340654,1.2922847983320085,1.7888543819998317,2.0371548787463363,2.1330729007701543,0
342537,9.97897790357309,8.24257241399795,2.313006701244076,1.8814887722226776,1.9261360284258224,4.907137658554118,4.655104724922953,11.778370006074692,10.331021246711286,5.250714237130031,2.06881608655772,1.63707055437449,1.89208879284245,2.244994432064365,3.336165463522456,11.17899816620434,0
466428,2.37065391822594,2.433105012119288,1.5716233645501712,1.2688577540449522,1.3114877048604,1.3038404810405295,1.3228756555322954,1.7349351572897471,4.208325082500163,2.092844953645635,1.6340134638368191,1.3,1.7204650534085253,1.40356688476182,1.3638181696985856,2.0445048300260877,0
527352,2.882707061079915,1.6031219541881396,1.4177446878757824,1.2649110640673518,1.3856406460551018,1.449137674618944,3.3196385345395663,7.334166619323561,1.51657508881031,1.7146428199482249,1.5968719422671311,1.4966629547095769,1.40356688476182,1.794435844492636,2.5019992006393608,2.2847319317591723,0
146940,8.183520025025906,2.756809750418044,2.244994432064365,1.5905973720586866,1.469693845669907,1.4,1.8734993995195195,8.07403244977378,3.646916505762094,1.89208879284245,1.743559577416269,1.51657508881031,1.3527749258468684,1.2922847983320085,1.7204650534085253,2.6664583251946765,0
409447,3.0380915061926625,1.8601075237738276,1.6703293088490063,1.5297058540778354,1.61245154965971,1.4352700094407325,1.5620499351813308,2.240535650240808,2.0149441679609885,1.5132745950421556,1.47648230602334,1.6552945357246849,1.452583904633395,1.466287829861518,1.6186414056238645,3.280243893371345,0
220307,2.019900987672416,3.24499614791759,2.3302360395462087,1.4594519519326423,1.3341664064126333,1.3114877048604,1.1832159566199232,1.40356688476182,1.6673332000533063,4.545327270945404,3.6345563690772495,1.949358868961793,1.3527749258468684,1.3416407864998738,1.3152946437965904,1.5556349186104046,0
2796,8.290958931269651,5.842088667591412,1.9078784028338915,1.4866068747318506,1.63707055437449,4.177319714841085,4.5628938186199335,4.189272013130682,7.823042886243178,3.278719262151,1.5556349186104046,1.6155494421403511,2.1118712081942874,2.9410882339705484,3.374907406137241,5.841232746604093,0
339874,10.152832117197644,8.031189202104505,2.6229754097208,2.118962010041709,2.1142374511865976,3.061045573002793,5.563272418280449,13.584918107960757,7.046275611981127,4.356604182158393,2.073644135332772,2.080865204668481,1.6852299546352716,2.6870057685088806,3.752332607858744,9.514199913813036,0
88810,13.584550047756458,25.63045063981513,12.531560158256433,7.784600182411426,9.024965373894794,6.846897107449476,3.981205847478877,4.488875137492688,19.203124745728232,24.957563983690395,20.831466583032505,8.511756575466665,9.954396013822237,4.726520919238589,4.59782557302906,7.66355009117837,0
37159,6.341135544995076,3.0708305065568173,1.5588457268119895,1.2369316876852985,1.161895003862225,1.307669683062202,1.3379088160259651,3.504283093587046,4.746577714522328,1.8466185312619388,1.4594519519326423,1.307669683062202,1.3711309200802089,1.449137674618944,2.961418578992169,3.957271787481876,0
588084,2.4919871588754225,2.3194827009486403,1.6155494421403511,1.772004514666935,1.4387494569938155,1.4966629547095769,1.42828568570857,3.8768543949960255,3.1984371183438958,5.776677245614471,2.009975124224178,1.3601470508735445,1.3928388277184118,1.5099668870541498,2.188606862823929,5.884725991921799,0
254111,2.951270912674741,2.3685438564654024,1.7578395831246945,1.40356688476182,1.3453624047073711,1.3601470508735445,1.1489125293076057,1.47648230602334,1.5874507866387544,1.6278820596099706,1.4628738838327795,1.5588457268119895,1.469693845669907,1.4177446878757824,1.374772708486752,1.5459624833740306,0
491357,2.5298221281347035,4.485532298401161,1.6186414056238645,1.2727922061357857,1.2806248474865698,1.2328828005937953,1.2409673645990855,1.6733200530681511,2.3194827009486403,2.009975124224178,1.4387494569938155,1.5684387141358125,1.4,1.2206555615733703,1.4212670403551897,1.6340134638368191,0
648713,6.581033353509159,9.38562730988185,2.792848008753788,1.5874507866387544,1.6340134638368191,2.817800560721074,5.6258332716140815,7.868290792796107,5.136146415358503,4.5066617356975,1.7663521732655694,1.6552945357246849,1.6278820596099706,8.217663901620703,4.527692569068709,2.9342801502242417,0
669370,5.52630075185924,6.913031173081747,2.471841418861655,1.5588457268119895,1.57797338380595,1.4352700094407325,1.6309506430300091,6.662582082045969,3.1144823004794877,3.4161381705077445,1.466287829861518,1.5,1.4422205101855958,1.2806248474865698,1.5231546211727816,3.2893768406797053,0
417235,2.078460969082653,1.5556349186104046,1.997498435543818,1.57797338380595,1.664331697709324,1.688194301613413,1.7378147196982767,2.4474476501040834,1.7578395831246945,1.7262676501632068,1.6552945357246849,1.705872210923198,1.6673332000533063,1.6309506430300091,1.6155494421403511,1.5842979517754858,0
447474,3.5199431813596083,4.795831523312719,1.7888543819998317,1.4594519519326423,1.3228756555322954,1.374772708486752,1.42828568570857,2.083266665599966,5.349766350038102,2.5514701644346145,1.6583123951777,1.57797338380595,1.493318452306808,1.4628738838327795,1.982422760159901,1.992485884517128,0
612269,2.792848008753788,6.456779382943171,1.760681686165901,2.046948949045872,1.8275666882497064,3.2109188716004646,5.986651818838307,12.613484847574837,12.533554962579451,6.411708040764177,2.092844953645635,1.944222209522358,2.004993765576342,2.884441020371192,4.5066617356975,9.318798205777396,0
714219,7.129516112612412,1.9078784028338915,1.7291616465790582,1.4212670403551897,1.7262676501632068,1.5748015748023625,1.6852299546352716,11.656757696718245,2.664582518894845,1.6522711641858303,1.5905973720586866,1.3304134695650072,1.3038404810405295,1.3304134695650072,1.9390719429665315,5.041825066382213,0
708647,5.0,1.841195263952197,1.664331697709324,1.5297058540778354,1.5588457268119895,1.5231546211727816,1.7776388834631178,7.48598690888516,1.783255450012701,1.6911534525287764,1.503329637837291,1.452583904633395,1.4142135623730951,1.42828568570857,1.469693845669907,2.539685019840059,0
114678,5.849786320883866,2.445403852127497,1.7291616465790582,1.466287829861518,1.4,1.8439088914585773,1.7349351572897471,6.129437168288781,1.7233687939614086,1.70293863659264,1.5491933384829668,1.5491933384829668,1.8841443681416767,1.4387494569938155,1.5748015748023625,2.0322401432901573,0
528786,1.7549928774784245,1.5,1.4560219778561037,1.2649110640673518,1.3152946437965904,1.3711309200802089,3.062678566222711,2.6907248094147422,1.3341664064126333,1.40356688476182,1.493318452306808,1.4177446878757824,1.3416407864998738,2.12367605815953,4.207136793592526,1.3228756555322954,0
123938,8.444524853418338,19.85447052932916,5.89915248150105,3.811823710509184,1.760681686165901,1.6552945357246849,1.8,5.43323108288245,6.923871749245504,10.739180601889514,2.640075756488817,1.865475810617763,1.5459624833740306,1.4832396974191326,1.489966442575134,3.8768543949960255,0
499722,1.7776388834631178,1.4560219778561037,1.3856406460551018,1.3228756555322954,1.1445523142259597,1.2649110640673518,2.535744466621193,1.849324200890693,1.5264337522473748,1.503329637837291,1.4832396974191326,1.3892443989449803,1.3711309200802089,2.0518284528683197,2.756809750418044,2.177154105707724,0
123948,8.444524853418338,19.85447052932916,5.89915248150105,3.811823710509184,1.760681686165901,1.6552945357246849,1.8,5.43323108288245,6.923871749245504,10.739180601889514,2.640075756488817,1.865475810617763,1.5459624833740306,1.4832396974191326,1.489966442575134,3.8768543949960255,0
658875,8.955445270895245,12.193030796319674,3.972404813208241,2.151743479135001,2.154065922853801,1.6522711641858303,2.7802877548915688,10.722872749408156,9.829547293746543,5.792236183029832,2.04939015319192,1.6492422502470645,1.6492422502470645,2.1283796653792764,2.08806130178211,4.2391036788453285,0
159138,5.729746940310715,1.9209372712298547,1.760681686165901,1.5905973720586866,1.2688577540449522,1.2165525060596438,1.4560219778561037,6.685805860178712,1.4422205101855958,1.51657508881031,1.51657508881031,1.5684387141358125,1.4,1.4177446878757824,1.772004514666935,2.638181191654584,0
441972,3.8574603043971822,6.178187436457395,2.2293496809607958,1.4212670403551897,1.9287301521985911,1.5874507866387544,1.40356688476182,2.3323807579381204,8.822131261775693,3.351119216023208,1.7320508075688772,2.0,1.918332609325088,1.70293863659264,2.0663978319771825,3.2280024783137944,0
121036,6.244997998398398,2.973213749463701,2.154065922853801,1.6155494421403511,1.396424004376894,1.307669683062202,1.5491933384829668,5.0,3.772267222772003,3.758989225842501,1.9261360284258224,1.5556349186104046,1.449137674618944,1.3856406460551018,1.6278820596099706,2.220360331117452,0
322017,7.5405570086035425,2.37065391822594,2.0174241001832014,1.841195263952197,1.5297058540778354,1.452583904633395,1.5524174696260025,4.182104733265296,3.263433774416144,1.9157244060668015,1.6613247725836149,1.61245154965971,1.4422205101855958,1.4247806848775006,1.5297058540778354,2.8896366553599777,0
154114,2.6419689627245813,1.3,1.8027756377319943,1.2649110640673518,1.3,1.2727922061357857,1.3892443989449803,3.171750305430741,1.6093476939431082,1.47648230602334,1.4798648586948742,1.4,1.449137674618944,1.307669683062202,1.493318452306808,1.452583904633395,0
54678,1.3304134695650072,1.3228756555322954,1.3038404810405295,1.224744871391589,1.3,1.2727922061357857,1.2727922061357857,2.6870057685088806,1.3038404810405295,1.4212670403551897,1.3527749258468684,1.4387494569938155,1.3114877048604,1.224744871391589,1.47648230602334,1.4352700094407325,0
350958,3.555277766926236,1.972308292331602,1.977371993328519,1.6822603841260722,1.8110770276274832,1.697056274847714,2.7802877548915688,7.647875521999557,2.056696380120313,1.7578395831246945,1.7320508075688772,1.8384776310850235,1.5652475842498528,1.6852299546352716,1.7804493814764857,2.1283796653792764,0
695251,7.915175298121956,2.297825058615212,1.82208671582886,1.5491933384829668,1.697056274847714,1.5198684153570663,2.0760539492026693,10.401442207694084,3.0854497241083023,1.91049731745428,1.865475810617763,1.5264337522473748,1.374772708486752,1.2884098726725126,1.7888543819998317,4.483302354291979,0
127733,3.5071355833500366,20.982611848861904,4.901020301937138,1.6911534525287764,1.4142135623730951,4.153311931459037,1.3304134695650072,4.065710270051224,5.539855593785816,15.68948692596415,2.019900987672416,1.6155494421403511,1.452583904633395,1.3856406460551018,1.3711309200802089,1.8708286933869709,0
432317,1.5329709716755893,1.32664991614216,1.3928388277184118,1.1704699910719625,1.2083045973594573,1.2409673645990855,1.3038404810405295,1.3341664064126333,1.5132745950421556,1.40356688476182,1.374772708486752,1.4106735979665883,1.2369316876852985,1.3341664064126333,1.2328828005937953,1.378404875209022,0
614610,2.3473389188611,2.264950330581225,1.9157244060668015,4.2343830719480255,2.238302928559939,8.443340571124677,7.059036761485238,4.548626166217664,5.105878964487897,2.1748563170931545,1.9,2.2561028345356955,9.44192776926407,7.441102068914255,4.33589667773576,6.328506932918696,0
634664,6.142475071174485,10.8397416943394,3.9319206502675,1.9026297590440449,1.7916472867168918,2.2671568097509267,4.178516483155236,4.341658669218482,6.54446330878247,5.81033561853358,1.7663521732655694,1.5652475842498528,1.8055470085267789,8.59534757877772,2.3065125189341598,2.085665361461421,0
76123,1.4594519519326423,1.3341664064126333,1.3304134695650072,1.2727922061357857,1.6852299546352716,4.666904755831214,3.956008088970497,2.8160255680657444,1.4352700094407325,1.445683229480096,1.4352700094407325,1.493318452306808,2.535744466621193,3.462657938636157,1.949358868961793,2.328089345364563,0
396450,5.07247474118896,4.280186911806539,1.740689518552921,1.3856406460551018,1.5842979517754858,1.489966442575134,2.179449471770337,5.303772242470448,2.986636904613616,1.8248287590894656,1.503329637837291,1.6186414056238645,1.466287829861518,1.4730919862656235,1.7578395831246945,6.48459713474939,0
13310,1.6583123951777,1.489966442575134,1.378404875209022,1.2083045973594573,1.4247806848775006,1.2569805089976536,1.4966629547095769,2.9068883707497264,1.3228756555322954,1.3928388277184118,1.407124727947029,1.5588457268119895,1.8439088914585773,1.4594519519326423,1.6852299546352716,1.6733200530681511,0
286542,9.008884503644166,10.624970588194586,2.0518284528683197,2.240535650240808,9.284395510748128,5.655086206239477,7.557777451076474,4.209513035969837,15.595191566633607,4.315089802078283,2.0542638584174138,4.637887450122092,8.789197915623474,5.121523210920751,5.2182372502599,4.522167621838006,0
566673,2.590366769397724,6.80147042925278,1.8275666882497064,1.9595917942265424,1.4212670403551897,1.5620499351813308,1.5716233645501712,2.5219040425836985,8.613942186943213,6.064651680022522,2.683281572999748,1.8,1.6703293088490063,1.407124727947029,2.019900987672416,3.950949253027682,0
464601,2.0024984394500787,2.6627053911388696,1.378404875209022,1.3341664064126333,1.3190905958272918,1.2884098726725126,1.2806248474865698,1.8110770276274832,3.57211421989835,2.4228082879171438,1.4866068747318506,1.3114877048604,1.4247806848775006,1.3304134695650072,1.493318452306808,2.071231517720798,0
11490,13.439494038095331,7.304108432930059,3.266496594212215,4.190465367951393,5.519057890618652,4.744470465710584,4.794788837894741,5.358171329847526,14.821605850919124,4.283689998120779,3.81051177665153,7.063993204979744,5.037856687123999,4.409081537009721,7.374279625834649,15.283651396181476,0
127293,3.07408522978788,18.23540512300179,5.207686626516615,2.027313493271329,1.296148139681572,2.7586228448267445,1.469693845669907,1.7492855684535902,4.427188724235731,13.0843417870369,2.08806130178211,1.5684387141358125,1.4560219778561037,1.3416407864998738,1.449137674618944,1.752141546793523,0
320104,5.073460357586328,3.456877203488721,1.8083141320025125,1.8083141320025125,1.5231546211727816,1.3527749258468684,1.7233687939614086,3.981205847478877,4.309292285283049,2.16794833886788,1.8681541692269408,1.6401219466856725,1.374772708486752,1.3,1.624807680927192,2.9137604568666933,0
466577,2.32163735324878,2.4919871588754225,1.407124727947029,1.307669683062202,1.2206555615733703,1.3674794331177345,1.307669683062202,1.89208879284245,3.666060555964672,1.9672315572906005,1.5,1.6278820596099706,1.3379088160259651,1.2083045973594573,1.3856406460551018,1.9621416870348585,0
669672,3.880721582386451,5.186520991955976,1.8547236990991407,1.3341664064126333,1.5099668870541498,1.3490737563232045,1.5198684153570663,4.676537180435969,2.5942243542145698,2.4919871588754225,1.4352700094407325,1.4142135623730951,1.4422205101855958,1.3453624047073711,1.503329637837291,3.3689761055846037,0
120975,5.805170109479997,2.751363298439521,1.833030277982336,1.6552945357246849,1.396424004376894,1.3490737563232045,1.378404875209022,5.683308895353129,4.011234224026316,3.7841775856849,1.9390719429665315,1.705872210923198,1.407124727947029,1.4247806848775006,1.6522711641858303,2.056696380120313,0
3981,1.5620499351813308,1.6492422502470645,1.3304134695650072,1.2884098726725126,1.466287829861518,1.3416407864998738,2.624880949681337,3.705401462729781,1.3638181696985856,1.4,1.489966442575134,1.6217274740226857,1.797220075561143,1.7262676501632068,2.027313493271329,1.705872210923198,0
543985,2.3323807579381204,8.453401682163221,5.221110992882645,2.6019223662515376,1.676305461424021,2.6076809620810595,8.997221793420456,3.845776904605882,20.316987965739408,8.339064695755754,4.293017586733136,2.1095023109728985,2.4248711305964283,7.057619995437555,5.61426753904728,6.622688275919379,0
483608,2.9154759474226504,6.076183012385325,1.949358868961793,1.378404875209022,1.2727922061357857,1.2884098726725126,1.469693845669907,1.8027756377319943,2.8653097563788807,2.3832750575625967,1.4594519519326423,1.4798648586948742,1.3601470508735445,1.4212670403551897,1.4177446878757824,1.9621416870348585,0
224480,6.174949392505173,3.168595903550972,2.4372115213907883,1.4866068747318506,1.378404875209022,1.3190905958272918,1.4560219778561037,2.7092434368288134,2.222611077089287,4.033608806019741,3.9293765408777,2.3,1.4730919862656235,1.503329637837291,1.5427248620541512,2.896549671592048,0
375863,6.631741852635701,7.249827584156743,2.092844953645635,1.61245154965971,1.6852299546352716,1.4317821063276353,1.5556349186104046,3.562302626111375,7.459892760623306,2.3811761799581315,1.61245154965971,1.4142135623730951,1.5198684153570663,1.4247806848775006,1.6822603841260722,3.220248437620924,0
64221,1.4730919862656235,1.4177446878757824,1.407124727947029,1.1704699910719625,1.1489125293076057,1.2,1.296148139681572,2.264950330581225,1.445683229480096,1.3416407864998738,1.2688577540449522,1.3856406460551018,1.2688577540449522,1.4832396974191326,1.8055470085267789,2.278157149978904,0
299374,6.067948582511226,13.18559820410132,2.449489742783178,2.019900987672416,13.915818337417315,6.522269543648131,3.964845520319802,2.814249455894058,13.531444860028806,3.850973902793941,1.91049731745428,6.730527468185536,8.54400374531753,1.5588457268119895,1.7888543819998317,3.5256205127608387,0
537047,2.2181073012818837,1.8947295321496416,1.4832396974191326,2.0615528128088303,1.396424004376894,1.47648230602334,1.2569805089976536,2.1213203435596424,2.5865034312755126,1.9544820285692064,1.6733200530681511,1.6431676725154984,1.3341664064126333,1.4730919862656235,1.8110770276274832,5.045790324617146,0
51743,1.4247806848775006,1.2124355652982142,1.307669683062202,1.445683229480096,1.7262676501632068,1.5556349186104046,4.283689998120779,2.1656407827707715,1.4422205101855958,1.5394804318340654,1.61245154965971,2.565151067676132,3.2218007387174024,2.12367605815953,3.6918829883949456,2.090454496036687,0
621020,6.880406964707829,12.426182036329582,3.911521443121589,1.9026297590440449,1.7748239349298849,2.06881608655772,2.937686164313676,3.811823710509184,6.016643582596529,4.197618372363071,1.740689518552921,1.5937377450509227,1.5842979517754858,6.081118318204308,1.743559577416269,2.04939015319192,0
701522,7.887331614684398,2.247220505424423,1.7378147196982767,1.5716233645501712,1.8841443681416767,1.489966442575134,2.0420577856662137,12.566622457924009,3.397057550292605,1.8547236990991407,1.61245154965971,1.6522711641858303,1.5099668870541498,1.396424004376894,2.1142374511865976,5.927056605094978,0
660996,4.561797891182818,1.8303005217723127,1.6,1.489966442575134,1.5620499351813308,1.3379088160259651,1.6852299546352716,7.941032678436729,2.1908902300206643,1.5811388300841898,1.4594519519326423,1.4628738838327795,1.374772708486752,1.3038404810405295,1.6309506430300091,3.477067730142742,0
605461,2.5099800796022267,2.4576411454889016,1.9078784028338915,1.905255888325765,1.4247806848775006,1.624807680927192,1.8947295321496416,3.961060464067672,4.558508528016593,5.708765190476834,2.420743687382041,1.664331697709324,2.211334438749598,3.4669871646719432,2.837252191822221,8.910667763978186,0
217708,9.721625378505388,5.337602458033007,2.453568829277059,1.6340134638368191,2.1283796653792764,1.5099668870541498,1.746424919657298,4.964876634922564,2.7964262908219126,3.518522417151836,3.132091952673165,1.8083141320025125,1.5231546211727816,1.40356688476182,2.213594362117865,3.477067730142742,0
534763,2.4819347291981715,5.358171329847526,4.831148931672465,2.619160170741759,1.8027756377319943,5.406477596365308,5.958187643906492,2.870540018881465,10.537551897855591,9.154780172128657,4.918333050943176,2.1213203435596424,8.83742043811428,2.172556098240043,4.901020301937138,4.201190307520001,0
570348,2.2847319317591723,1.91049731745428,1.8,1.7233687939614086,1.445683229480096,1.3674794331177345,1.4866068747318506,3.635931792539568,2.5475478405713994,2.0615528128088303,1.5198684153570663,1.6155494421403511,1.469693845669907,1.407124727947029,2.179449471770337,5.024937810560445,0
580730,2.293468988235943,2.91032644217105,1.6822603841260722,1.752141546793523,1.5684387141358125,1.4352700094407325,1.2369316876852985,4.34856298103178,9.857991681879223,5.911006682452659,2.9,1.5811388300841898,1.396424004376894,1.4352700094407325,2.8231188426986207,7.765951326141569,0
513984,3.235737937472688,1.6733200530681511,1.2569805089976536,1.2409673645990855,1.2767145334803705,1.5066519173319364,2.107130750570548,2.1095023109728985,1.9026297590440449,1.5968719422671311,1.4,1.4730919862656235,1.3114877048604,1.606237840420901,2.3151673805580453,4.481071300481616,0
74226,2.181742422927143,1.4247806848775006,1.3190905958272918,1.396424004376894,1.3674794331177345,2.3108440016582685,3.394112549695428,4.825971404805461,1.6401219466856725,1.3304134695650072,1.374772708486752,1.449137674618944,1.6941074346097416,2.533771891863985,3.083828789021855,4.063249930782009,0
542954,2.3811761799581315,3.127299154222378,2.1447610589527217,2.227105745132009,1.5231546211727816,1.469693845669907,1.2529964086141667,2.677685567799177,4.588027898781785,4.161730409336962,2.3065125189341598,1.5716233645501712,1.4628738838327795,1.4422205101855958,2.0542638584174138,4.635730794599704,0
119957,6.923149572268391,3.269556544854363,2.336664289109585,1.697056274847714,1.40356688476182,1.396424004376894,1.489966442575134,5.021951811795888,4.006245124802026,3.976179070414209,1.905255888325765,1.51657508881031,1.4317821063276353,1.3114877048604,1.5329709716755893,2.083266665599966,0
643765,5.651548460377917,8.175573374387879,2.4617067250182343,1.61245154965971,1.5491933384829668,1.3820274961085253,1.5874507866387544,5.346026561849464,4.2296571965113205,3.2218007387174024,1.5874507866387544,1.4212670403551897,1.374772708486752,1.6031219541881396,1.5099668870541498,2.7331300737432898,0
325033,1.5748015748023625,2.2715633383201093,1.5811388300841898,1.445683229480096,1.3892443989449803,1.3228756555322954,1.2727922061357857,1.6822603841260722,1.6822603841260722,1.7549928774784245,1.7492855684535902,1.5132745950421556,1.3114877048604,1.3,1.2165525060596438,1.664331697709324,0
405182,5.907622195096772,3.736308338453881,2.6962937525425525,1.664331697709324,1.743559577416269,1.6703293088490063,1.5588457268119895,3.0083217912982647,3.043024810940588,5.8,3.388214869219483,1.8275666882497064,1.42828568570857,1.5264337522473748,1.7492855684535902,7.37563556583431,0
312077,6.330086887239385,12.383456706428944,3.0854497241083023,2.7802877548915688,13.41752585240662,5.98247440445841,1.8027756377319943,3.4452866353904428,19.284449693989195,8.917959407846618,3.3211443810831227,6.611353870426238,8.44926032265547,1.7635192088548397,2.624880949681337,6.165225056719341,0
515621,1.794435844492636,1.40356688476182,1.3820274961085253,1.2884098726725126,1.2806248474865698,1.4106735979665883,2.027313493271329,1.489966442575134,1.445683229480096,1.4866068747318506,1.4352700094407325,1.5652475842498528,1.4177446878757824,1.5556349186104046,2.027313493271329,1.6613247725836149,0
499182,1.8734993995195195,1.4866068747318506,1.5264337522473748,1.2369316876852985,1.2767145334803705,1.3928388277184118,2.831960451701259,1.688194301613413,1.47648230602334,1.5099668870541498,1.407124727947029,1.4352700094407325,1.3892443989449803,2.08806130178211,2.9410882339705484,1.876166303929372,0
312768,3.427827300200522,1.8788294228055933,1.7291616465790582,1.7635192088548397,1.7233687939614086,1.705872210923198,1.5968719422671311,2.7820855486487117,3.448187929913334,1.9595917942265424,1.7320508075688772,2.3769728648009427,2.433105012119288,1.5748015748023625,1.711724276862369,2.5099800796022267,0
436285,5.457105459856901,9.772410142846033,2.7386127875258306,1.8439088914585773,2.4186773244895647,2.177154105707724,2.716615541441225,3.220248437620924,14.463056385149024,5.304714883949938,2.4269322199023198,2.557342370508884,2.258317958127243,2.2561028345356955,2.831960451701259,4.28485705712571,0
689781,6.516133823057964,2.2561028345356955,1.794435844492636,1.5132745950421556,1.7635192088548397,1.4387494569938155,1.9621416870348585,10.195587280779858,3.251153641401772,2.046948949045872,1.835755975068582,1.42828568570857,1.445683229480096,1.307669683062202,1.862793601019716,5.25642464038057,0
147245,9.808159868191384,3.3466401061363023,2.1,1.5620499351813308,1.3711309200802089,1.3114877048604,1.7378147196982767,6.761656601750786,1.7349351572897471,1.705872210923198,1.7888543819998317,1.5684387141358125,1.4422205101855958,1.4352700094407325,1.8867962264113207,2.649528259898354,0
178723,12.433020550131817,4.054626986542659,3.357082066318904,1.972308292331602,1.5132745950421556,1.5588457268119895,1.944222209522358,5.525395913416522,2.2847319317591723,5.777542730261716,4.618441295502196,2.0371548787463363,1.5264337522473748,1.5,1.982422760159901,3.2848135411313684,0
254818,2.2561028345356955,4.474371464239419,1.4866068747318506,1.40356688476182,1.3190905958272918,1.2727922061357857,1.3114877048604,1.2688577540449522,1.5588457268119895,1.6911534525287764,1.5394804318340654,1.5394804318340654,1.466287829861518,1.3416407864998738,1.396424004376894,1.4422205101855958,0
440972,2.7549954627911823,4.848711168960263,1.786057109949175,1.407124727947029,1.3453624047073711,1.3379088160259651,1.8303005217723127,2.0976176963403037,6.860757975617563,2.8442925306655784,1.5968719422671311,1.6278820596099706,1.3856406460551018,2.2847319317591723,2.6514147167125706,2.3685438564654024,0
1153,1.5556349186104046,1.5329709716755893,1.3490737563232045,1.3190905958272918,1.3416407864998738,1.2767145334803705,1.4142135623730951,2.91032644217105,1.3190905958272918,1.5556349186104046,1.4422205101855958,1.6941074346097416,1.6941074346097416,1.4352700094407325,1.711724276862369,1.7233687939614086,0
71232,1.9519221295943132,1.2409673645990855,1.2688577540449522,1.1575836902790226,1.2328828005937953,1.5652475842498528,1.7549928774784245,2.8530685235374214,1.5556349186104046,1.2489995996796797,1.396424004376894,1.2688577540449522,1.2922847983320085,1.5588457268119895,2.029778313018444,3.82099463490856,0
45390,1.2688577540449522,1.2409673645990855,1.3038404810405295,1.1704699910719625,1.3453624047073711,1.1832159566199232,1.8138357147217052,1.2727922061357857,1.2409673645990855,1.2083045973594573,1.32664991614216,1.284523257866513,1.606237840420901,1.3228756555322954,1.9026297590440449,1.3711309200802089,0
196054,8.689649014776144,3.792097045171708,3.0166206257996717,1.6462077633154328,1.4966629547095769,1.4422205101855958,1.6703293088490063,3.4322004603461025,2.1447610589527217,4.767598976424087,4.201190307520001,2.0149441679609885,1.493318452306808,1.407124727947029,2.073644135332772,3.2526911934581184,0
597812,2.443358344574124,2.9427877939124323,1.9672315572906005,1.786057109949175,1.47648230602334,1.4387494569938155,1.3304134695650072,3.254228019054596,7.174956445860839,5.223025942880239,2.615339366124404,1.4422205101855958,1.4798648586948742,1.4560219778561037,2.340939982143925,5.9455865984779,0
386436,8.825531145489204,10.157755657624376,2.664582518894845,1.7916472867168918,1.705872210923198,2.9068883707497264,3.3211443810831227,4.57493169347915,5.44609952167604,2.9137604568666933,1.816590212458495,1.61245154965971,1.4798648586948742,1.740689518552921,2.23606797749979,6.341135544995076,0
289756,19.08035639080151,16.085086260259843,2.8809720581775866,2.4576411454889016,17.024687956024334,6.609841147864296,12.09958676980334,6.794115100585211,17.647662734764623,6.304760106459246,3.0133038346638727,9.24716172671377,15.936122489489092,4.291852746774987,3.8574603043971822,14.074089668607344,0
261036,11.60861748874516,11.137324633860684,2.569046515733026,2.1587033144922905,2.9664793948382653,1.5652475842498528,11.448143954370943,6.20966987850401,9.70103087305674,4.441846462902562,1.849324200890693,2.349468024894146,3.5496478698597698,6.136774397026503,4.633573135281238,6.20966987850401,0
642415,5.329165037789691,7.599342076785332,2.5099800796022267,1.5524174696260025,1.5132745950421556,1.2041594578792296,1.503329637837291,5.0921508225896055,4.0,2.567099530598687,1.5,1.4866068747318506,1.3527749258468684,1.3190905958272918,1.5842979517754858,1.9874606914351791,0
683321,4.91121166312347,1.70293863659264,1.4212670403551897,1.466287829861518,1.4560219778561037,1.4106735979665883,1.833030277982336,6.880406964707829,3.556683848755748,1.6703293088490063,1.5652475842498528,1.452583904633395,1.4730919862656235,1.5716233645501712,1.6673332000533063,4.080441152620633,0
528089,1.5231546211727816,1.2449899597988732,1.469693845669907,1.3453624047073711,1.3416407864998738,1.4352700094407325,3.052867504494749,1.466287829861518,1.4317821063276353,1.6733200530681511,1.4177446878757824,1.32664991614216,1.493318452306808,2.716615541441225,4.428317965096905,1.5066519173319364,0
585722,2.4166091947189146,4.350861983561418,1.91049731745428,1.94164878389476,1.4352700094407325,1.3601470508735445,1.3892443989449803,3.27566787083184,8.400595217006947,9.092304438369846,3.1256999216175565,1.6911534525287764,1.3379088160259651,1.3892443989449803,2.092844953645635,5.73410847473258,0
101315,8.114801291467339,22.448162508321253,5.79396237474839,1.949358868961793,1.4560219778561037,1.606237840420901,3.459768778401239,6.685805860178712,4.935585071701226,13.301503674397116,2.1330729007701543,1.9209372712298547,1.8867962264113207,3.744329045369811,8.997221793420456,2.90516780926679,0
511199,1.9078784028338915,1.4106735979665883,1.445683229480096,1.3038404810405295,1.6703293088490063,1.5937377450509227,2.65329983228432,1.9131126469708992,1.5588457268119895,1.664331697709324,1.3820274961085253,1.8439088914585773,1.797220075561143,1.783255450012701,2.6981475126464085,1.876166303929372,0
665030,8.12526922630875,9.730364844136114,3.584689665786984,1.8788294228055933,1.9748417658131496,1.7378147196982767,1.9287301521985911,10.44030650891055,5.605354582896608,4.767598976424087,1.688194301613413,1.5099668870541498,1.3892443989449803,1.5427248620541512,2.142428528562855,4.715930449020639,0
95356,3.584689665786984,1.992485884517128,1.697056274847714,1.3038404810405295,1.3453624047073711,1.2041594578792296,1.284523257866513,3.093541659651604,1.705872210923198,1.7088007490635062,1.40356688476182,1.5427248620541512,1.3638181696985856,1.3674794331177345,1.70293863659264,1.6431676725154984,0
110473,8.011866199581718,2.9832867780352594,3.627671429443411,1.9798989873223327,1.5620499351813308,1.5491933384829668,1.705872210923198,7.071774883294857,1.865475810617763,3.003331483536241,6.060528029800704,2.090454496036687,1.4387494569938155,1.676305461424021,1.7378147196982767,2.5179356624028344,0
229857,9.615092303249096,8.738993077008358,2.195449840010015,1.5811388300841898,1.6401219466856725,1.452583904633395,1.8520259177452132,4.459820624195552,4.008740450565489,2.5039968051097827,1.96468827043885,1.503329637837291,1.4798648586948742,1.3,1.972308292331602,4.9668903752750575,0
340223,6.948381106416083,3.111269837220809,2.32379000772445,1.841195263952197,2.0322401432901573,2.280350850198276,3.668787265568828,11.948640089985137,2.557342370508884,5.414794548272353,3.1654383582688825,2.019900987672416,1.6340134638368191,1.70293863659264,3.2526911934581184,3.9370039370059056,0
539541,2.0371548787463363,2.672077843177477,1.5362291495737217,1.9467922333931784,1.5937377450509227,1.3601470508735445,1.4317821063276353,2.56124969497314,7.866384175718855,3.1240998703626617,2.1,1.624807680927192,1.489966442575134,1.5231546211727816,2.009975124224178,5.0823223038292245,0
74812,1.8083141320025125,1.4628738838327795,1.3490737563232045,1.2569805089976536,1.2727922061357857,2.1908902300206643,2.4758836806279896,3.760319135392633,1.5459624833740306,1.4212670403551897,1.4212670403551897,1.6031219541881396,1.4966629547095769,2.4596747752497685,2.181742422927143,3.661966684720111,0
453068,2.837252191822221,4.103656905736639,1.6186414056238645,1.466287829861518,1.2449899597988732,1.396424004376894,2.0952326839756963,2.04939015319192,5.101960407529639,2.7422618401604177,1.606237840420901,1.4594519519326423,1.3190905958272918,1.6155494421403511,2.345207879911715,2.567099530598687,0
324764,2.8442925306655784,4.58475735453906,1.8681541692269408,1.760681686165901,1.503329637837291,1.19582607431014,1.3856406460551018,2.3937418407171647,2.2181073012818837,2.085665361461421,2.3323807579381204,1.5620499351813308,1.4,1.3228756555322954,1.4387494569938155,1.6822603841260722,0
453941,3.8768543949960255,6.916646586316233,2.188606862823929,1.5329709716755893,2.1,1.624807680927192,2.3302360395462087,2.406241883103193,8.140024569987489,4.362338822237447,1.6911534525287764,2.154065922853801,2.389560629069704,2.5,3.1480152477394387,2.9120439557122078,0
579560,2.3937418407171647,2.5806975801127883,1.797220075561143,2.258317958127243,1.5297058540778354,1.5066519173319364,1.3341664064126333,3.3689761055846037,3.681032463861192,6.951258878793107,2.493992782667985,1.740689518552921,1.4966629547095769,1.4247806848775006,2.2,5.379591062525106,0
679668,7.666159403508383,3.3823069050575527,1.8027756377319943,1.503329637837291,1.697056274847714,1.4317821063276353,1.8681541692269408,9.60937042682818,4.559605246071199,1.933907960581372,1.70293863659264,1.61245154965971,1.374772708486752,1.3928388277184118,1.8788294228055933,6.486139067272609,0
639246,5.677147170894902,9.120855223058856,2.7766886753829643,1.5264337522473748,1.5,1.4352700094407325,1.5874507866387544,5.520869496736904,5.323532661682466,4.004996878900157,1.6093476939431082,1.503329637837291,1.4594519519326423,1.5132745950421556,1.51657508881031,2.090454496036687,0
109841,7.549172140042907,2.414539293529927,1.783255450012701,1.5874507866387544,1.3674794331177345,1.3152946437965904,1.3564659966250536,4.888762624632126,1.6673332000533063,1.7291616465790582,1.7320508075688772,1.5459624833740306,1.4,1.4560219778561037,1.469693845669907,1.9595917942265424,0
605698,2.0542638584174138,4.148493702538308,1.493318452306808,4.286023798347368,1.3638181696985856,1.4142135623730951,1.3601470508735445,2.445403852127497,2.406241883103193,4.024922359499621,1.841195263952197,1.5716233645501712,1.3379088160259651,1.3601470508735445,1.8439088914585773,3.7735924528226414,0
61262,15.297058540778355,5.848931526355904,2.7838821814150108,1.8193405398660247,1.7663521732655694,4.707440918375928,3.057776970284131,5.75325994545701,10.593394168065304,5.027922035990614,2.071231517720798,1.8894443627691184,2.3388031127053,3.046309242345563,6.369458375717672,10.443658362853506,0
514210,2.6664583251946765,1.5,1.5,1.3,1.4594519519326423,1.378404875209022,2.557342370508884,2.1563858652847827,1.9849433241279208,1.7320508075688772,1.493318452306808,1.40356688476182,1.3601470508735445,1.835755975068582,2.7,4.15571895103603,0
326672,18.021098745637016,10.0637965003273,2.4372115213907883,2.535744466621193,2.7202941017470885,9.269843580125826,4.456455991031438,5.842088667591412,12.69763757554924,4.8270073544588685,2.5865034312755126,4.268489194082608,2.6627053911388696,2.624880949681337,3.306055050963308,17.284675293449975,0
509569,3.4161381705077445,1.7916472867168918,1.503329637837291,1.2767145334803705,1.6155494421403511,1.6431676725154984,2.2605309110914638,2.5199206336708304,2.7477263328068173,1.688194301613413,1.4247806848775006,1.5427248620541512,1.47648230602334,2.1610182784974308,3.1128764832546763,5.68946394662977,0
282401,4.498888751680797,7.744029958619737,1.9798989873223327,2.08806130178211,1.5652475842498528,1.3527749258468684,1.5524174696260025,4.142463035441596,4.283689998120779,2.188606862823929,1.8027756377319943,1.5297058540778354,1.3453624047073711,1.3453624047073711,1.3638181696985856,1.997498435543818,0
509526,3.361547262794322,1.5874507866387544,1.2288205727444508,1.1489125293076057,1.6703293088490063,1.4966629547095769,2.240535650240808,2.01246117974981,2.244994432064365,1.5905973720586866,1.489966442575134,1.6613247725836149,1.5,2.009975124224178,3.0116440692751194,4.186884283091665,0
440564,2.9664793948382653,4.632493928760188,1.8303005217723127,1.3711309200802089,1.3379088160259651,1.47648230602334,2.4738633753705965,2.1260291625469296,6.868041933477111,2.8495613697550013,1.7,1.47648230602334,1.3527749258468684,2.0445048300260877,2.4617067250182343,2.630589287593181,0
378288,6.528399497579786,2.181742422927143,1.63707055437449,1.3453624047073711,1.42828568570857,1.4730919862656235,1.7578395831246945,4.382921400162226,3.1968734726291563,1.664331697709324,1.5748015748023625,1.5811388300841898,1.3856406460551018,1.452583904633395,2.258317958127243,8.958236433584458,0
601848,2.12367605815953,2.5219040425836985,1.797220075561143,1.760681686165901,1.4352700094407325,1.3564659966250536,1.4177446878757824,2.930870177950569,7.187489130426563,7.291776189653657,2.1213203435596424,1.5842979517754858,1.3638181696985856,1.407124727947029,2.071231517720798,5.138093031466052,0
176297,10.54608932258778,2.9647934160747185,2.6758176320519302,1.6792855623746663,1.6792855623746663,1.5652475842498528,2.01246117974981,5.011985634456667,2.080865204668481,4.045985664828782,3.790778284204973,1.8947295321496416,1.3820274961085253,1.3928388277184118,2.0,3.448187929913334,0
79420,1.9287301521985911,1.6401219466856725,1.4317821063276353,1.3601470508735445,1.676305461424021,4.720169488482378,3.623534186398688,3.8026306683663087,1.4560219778561037,1.503329637837291,1.3190905958272918,1.493318452306808,2.435159132377184,2.9120439557122078,2.395829710142188,3.475629439396553,0
298741,7.044146506142529,10.18135550896834,2.760434748368452,2.3430749027719964,10.380751417888783,3.635931792539568,3.057776970284131,3.2326459750489227,14.304544732356916,11.397368117245314,2.929163703175362,5.504543577809154,7.146327728281149,1.5362291495737217,1.6911534525287764,3.824918299781056,0
511674,1.8788294228055933,1.4966629547095769,1.5968719422671311,1.4212670403551897,1.4,1.5,2.592296279363144,1.8110770276274832,1.5905973720586866,1.6911534525287764,1.5394804318340654,1.6852299546352716,1.606237840420901,2.215851980616034,3.4713109915419564,1.8734993995195195,0
509169,2.72213151776324,1.5427248620541512,1.4422205101855958,1.3820274961085253,1.5264337522473748,1.6309506430300091,2.4186773244895647,2.0542638584174138,1.8083141320025125,1.5811388300841898,1.4798648586948742,1.4866068747318506,1.4317821063276353,2.1283796653792764,3.138470965295043,3.944616584663204,0
47043,1.4352700094407325,1.3711309200802089,1.307669683062202,1.3892443989449803,1.606237840420901,1.42828568570857,3.809199390948182,1.489966442575134,1.466287829861518,1.5716233645501712,1.5968719422671311,2.0,2.6286878856189837,1.8894443627691184,2.3173260452512934,1.4247806848775006,0
344929,9.892421341612982,8.57146428563988,2.4,2.0639767440550294,1.997498435543818,3.2680269276736382,4.648655719667784,14.39131682647561,7.218725649309579,3.0854497241083023,2.0663978319771825,1.918332609325088,1.5394804318340654,1.9287301521985911,2.9068883707497264,8.148619514985345,0
378966,6.041522986797286,1.9364916731037085,1.5748015748023625,1.40356688476182,1.503329637837291,1.40356688476182,1.4594519519326423,3.263433774416144,2.6476404589747453,1.6552945357246849,1.5,1.5066519173319364,1.3638181696985856,1.57797338380595,1.743559577416269,6.131068422387733,0
687152,4.878524367060187,2.4248711305964283,1.6522711641858303,1.4798648586948742,1.6155494421403511,1.857417562100671,3.249615361854384,5.4378304497290095,3.7616485747608057,1.63707055437449,1.5297058540778354,1.5329709716755893,1.466287829861518,5.409251334519409,2.0322401432901573,3.049590136395381,0
668180,5.171073389539158,6.613622305514581,2.078460969082653,1.6911534525287764,1.7378147196982767,1.7088007490635062,3.111269837220809,7.582216034906946,4.195235392680607,2.812472222085047,1.4628738838327795,1.4352700094407325,1.63707055437449,7.284915922644544,2.137755832643195,3.792097045171708,0
575028,2.083266665599966,2.107130750570548,1.6673332000533063,1.7748239349298849,1.5297058540778354,1.57797338380595,1.3190905958272918,3.315116890850155,3.670149860700514,5.883026432033091,2.658947160061666,1.6733200530681511,1.5,1.503329637837291,2.2869193252058544,6.0,0
310960,6.550572494064927,8.906177631284926,2.672077843177477,1.865475810617763,4.804164859785725,2.8407745422683583,3.1622776601683795,3.635931792539568,10.894035065117055,4.775981574503821,3.8,4.651881339845203,4.9254441424099005,1.5524174696260025,3.972404813208241,4.291852746774987,0
697748,3.988734135035826,1.7320508075688772,1.5748015748023625,1.4594519519326423,1.6278820596099706,1.1704699910719625,1.5905973720586866,5.31224999411737,2.328089345364563,1.7804493814764857,1.7088007490635062,1.4212670403551897,1.2569805089976536,1.2649110640673518,1.445683229480096,2.4698178070456938,0
254252,6.088513775955509,2.4041630560342617,1.5329709716755893,1.4317821063276353,1.4247806848775006,1.449137674618944,1.6792855623746663,1.9078784028338915,1.6941074346097416,1.697056274847714,1.4352700094407325,1.5362291495737217,1.2884098726725126,1.3228756555322954,1.4212670403551897,1.6031219541881396,0
306728,3.443835071544513,8.742425292789182,1.8788294228055933,1.705872210923198,1.3416407864998738,1.3453624047073711,1.3856406460551018,2.925747767665559,4.269660408041839,2.2068076490713917,1.7378147196982767,1.5524174696260025,1.3638181696985856,1.2529964086141667,1.4966629547095769,2.0248456731316584,0
148863,11.7694519838436,3.411744421846396,2.533771891863985,1.8973665961010275,1.3711309200802089,1.40356688476182,1.6309506430300091,6.878226515607057,1.794435844492636,1.7691806012954132,1.9209372712298547,1.6583123951777,1.374772708486752,1.469693845669907,1.862793601019716,2.638181191654584,0
23507,23.802100747623097,29.71800800861323,8.554530963179689,5.535341001239219,5.303772242470448,10.157263410978372,10.385566907973775,18.841178307101707,17.623563771269417,8.985543945694106,3.4467375879228173,4.6,5.404627646748664,10.197058399362044,10.313583276436953,17.77188791321845,1
33596,5.645352070508977,47.7426434123625,10.061808982484212,10.587256490706174,7.488658090739622,25.858847615468093,20.57790076757102,19.16507239746305,34.656889646937444,38.956514217778775,9.42761899951414,7.152621896899066,25.950722533293757,17.97887649437528,18.760597005426025,29.53404814785809,1
10605,4.904079934095692,10.456576877735849,2.345207879911715,1.374772708486752,1.3416407864998738,1.794435844492636,3.241913015489465,3.836665218650176,3.642801120017397,5.707013229352111,1.5811388300841898,1.493318452306808,1.7888543819998317,5.874521257089806,5.304714883949938,1.7804493814764857,1
9364,10.113851887386922,15.112246689357608,12.92168719633779,2.951270912674741,9.998499887483122,11.585335558368604,13.37684566704722,7.184705978674423,15.63905367981068,37.81547302361825,18.83002920868685,5.935486500700679,13.6711374801075,12.835497652993435,12.77106103657797,3.992492955535426,1
41194,6.660330322138685,12.68621298891044,4.256759330758553,1.9364916731037085,2.027313493271329,3.6578682316343767,6.134329629226,3.7,7.240165743959181,7.518643494673757,2.227105745132009,1.6583123951777,2.224859546128699,11.404385121522337,4.532107677449864,2.949576240750525,1
32782,3.442382895611701,40.46690005424186,8.316249154516717,15.612494995995997,7.87591264552877,21.324868112136123,26.934921570333188,17.06223900899293,8.570297544426332,39.03152571960261,12.570202862324855,8.720091742636656,24.49448917613919,23.532105728132365,19.238243163033363,30.902103488274065,1
6262,18.67940041864299,7.034912934784623,2.826658805020514,2.406241883103193,4.065710270051224,7.040596565632773,9.159148432032314,9.709273917240155,13.541787178950935,4.656178690729126,2.4576411454889016,3.345145736735546,4.370354676682432,7.876547467006087,9.887871358386496,15.973102391207538,1
14206,27.94798740517821,27.38777099363875,13.03341858454642,7.565051222562872,11.208478933378965,21.0513657514186,19.81716427746412,11.667904696216883,26.278127787192144,22.060598359972012,8.426149773176359,7.831985699680509,7.2228803118977405,31.73468134391773,8.336666000266533,16.552039149301212,1
22618,22.146331524656627,19.29404053069237,4.98196748283246,3.88587184554509,4.378355855797928,6.429618962271404,9.445633912025174,19.67587355112855,19.08612061158579,11.97956593537512,3.371943060017473,4.295346318982906,4.696807426326951,4.955804677345546,6.716397844082794,20.381118713161943,1
46941,5.826662852782886,11.635291143757426,3.2109188716004646,1.705872210923198,1.407124727947029,1.3341664064126333,1.4832396974191326,5.1613951602255765,6.2777384462878025,14.883547964111246,4.421538193886829,1.6673332000533063,1.5556349186104046,1.3152946437965904,1.6733200530681511,3.1859064644147983,1
1266,10.250365847129554,3.888444419044716,2.6,1.5620499351813308,3.6386810797320495,3.333166662499792,5.447017532558529,6.155485358604957,7.059745037889116,2.657066051117285,1.8,2.172556098240043,2.640075756488817,4.129164564412516,2.9206163733020465,5.52630075185924,1
37460,2.4166091947189146,19.27200041511,3.1400636936215163,3.5538711287833724,2.705549851693737,7.792303895511263,10.5256828757093,3.5874782229304194,18.76326197653276,8.387490685538792,2.958039891549808,3.2,13.593380742111211,10.450358845513392,5.797413216254298,6.161168720299745,1
38709,2.428991560298224,5.803447251418763,2.4819347291981715,2.932575659723036,2.1400934559032696,3.964845520319802,6.840321629865075,2.313006701244076,22.278689368991166,5.132250968142536,2.6095976701399777,1.8138357147217052,2.2516660498395407,3.388214869219483,2.576819745345025,4.255584566190643,1
37370,3.179622619116929,30.083716525722014,4.778074926160116,4.2343830719480255,3.3196385345395663,12.858071395042105,12.985761433200596,4.880573736764972,19.03811965504997,16.529670293142573,4.5793012567421245,3.082207001484488,9.911609354691093,10.902751946183129,10.23474474522936,7.23325652801005,1
45661,7.840918313565063,15.895911424010892,3.4161381705077445,2.179449471770337,3.255764119219941,1.8303005217723127,3.2310988842807022,5.432310742216428,10.244998779892558,18.970239850882223,5.906775770248943,4.31161222746202,4.845616575834287,1.6401219466856725,1.5716233645501712,3.879432948254165,1
21545,29.048752124661053,23.1445457937718,7.772387020729218,5.1166395221864125,5.55517776493246,12.328016872149387,14.658785761446955,19.406184581210187,26.428961387084435,10.604244433244643,4.11703777004778,4.91121166312347,6.216912416947821,7.766595135579039,10.50380883299006,21.211317733700565,1
33512,4.1400483088968905,46.681902274864505,11.49304137293519,14.24710496908056,8.983874442577656,19.68654362756449,17.323394586512194,18.915866356051477,44.68802971714014,33.30345327439783,12.621014222319852,9.151502608861565,28.837995769470528,19.625238852049677,18.20412041269778,33.22619448567651,1
43808,10.129659421717989,15.647044449352087,5.096076922496363,2.340939982143925,2.1354156504062622,2.565151067676132,5.56506963119061,8.626123115281858,8.863972021616494,8.37376856618333,2.420743687382041,2.027313493271329,1.7204650534085253,6.307138812488591,3.3105890714493698,4.236744032862972,1
17346,26.37877935007608,44.376908409667294,5.938855108520497,3.5874782229304194,15.52095357895255,9.457272334029511,25.433442551097954,11.104503590885995,21.40630748167465,22.28183116352873,5.460769176590419,8.37137981458254,15.747698244505449,8.886506625215558,18.29508130618719,16.644218215344328,1
45558,5.32634959423431,14.947575054168484,3.062678566222711,1.5099668870541498,1.2288205727444508,1.3341664064126333,1.3490737563232045,5.812916651733448,8.37376856618333,15.560526983364028,5.152669211195301,1.9313207915827968,1.32664991614216,1.4,1.918332609325088,3.4292856398964493,1
28029,10.22105669683913,21.81673669456548,5.717516943569122,3.559494346111537,4.856953777832357,5.143928459844674,5.232590180780452,6.072067193304106,21.360243444305592,10.662082348209472,3.651027252705737,6.511528238439882,5.759340239992772,4.723346271447817,5.583905443325486,6.2136945531623935,1
12815,14.447837208385206,17.559328005365124,9.091204540653566,3.380828300875393,6.77126280689208,5.927056605094978,6.676076692189808,7.458552138317463,17.789603705535434,17.041126723312633,5.043808085167397,5.959026766175833,6.445928947793328,22.79012944237044,4.104875150354759,7.913911801378633,1
5196,12.87089740461014,5.500909015790027,2.5298221281347035,1.982422760159901,2.65329983228432,4.301162633521313,7.29520390393579,6.053924347066125,11.231206524679347,4.190465367951393,2.0591260281974,2.0639767440550294,2.9949958263743874,4.861069841094653,5.471745608121781,12.974205177967551,1
32556,3.45108678534748,22.846662775994226,12.163058825805292,8.935882720806042,6.596211033616193,23.238330404742936,22.49288776480245,14.625320509308503,31.4144871038825,31.297763498371573,11.651609330903607,8.850988645343525,22.400223213173568,17.917868176767012,17.920379460268133,27.75734137124808,1
36201,3.3000000000000003,35.73835474668637,5.67097875150313,6.1,4.3977266854592045,15.344705927452637,13.17459676802292,10.242070103255497,30.48458626912952,22.64133388296723,4.719110085598767,4.983974317750845,20.72317543235109,11.94361754243663,11.2933608815091,11.064357188738985,1
40475,10.361467077590897,19.197656106931387,6.476109943476871,2.582634314028992,2.32379000772445,3.357082066318904,6.709694478886502,5.171073389539158,8.651589449343975,8.389874850079709,2.598076211353316,1.7663521732655694,2.3043437243605824,9.423375191511797,5.660388679233963,2.771281292110204,1
38535,2.5317977802344327,13.158647346897022,2.584569596664017,4.387482193696061,2.5298221281347035,7.938513714795737,10.860018416190648,2.824889378365107,21.589117629027825,12.13836891843381,3.0116440692751194,2.65329983228432,10.167103815738283,13.405968819895111,6.072890580275591,7.935993951610598,1
16056,17.704801608603244,19.60178563294681,8.577878525602936,3.7094473981982814,4.867237409455183,5.659505278732409,8.978864070694021,7.968688725254614,12.565826673959815,7.4357245780085215,2.792848008753788,3.1984371183438958,3.144837038703278,8.572047596694736,2.3086792761230392,5.228766584960549,1
1625,5.863446085707619,2.9647934160747185,1.6852299546352716,1.4798648586948742,1.7663521732655694,2.7658633371878665,4.739198244429114,5.101960407529639,4.544227107000705,1.969771560359221,1.469693845669907,1.6911534525287764,2.2737634001804143,2.826658805020514,2.819574435974337,4.588027898781785,1
20147,23.62519841186524,5.958187643906492,2.90516780926679,2.3727621035409343,6.824221567329126,4.042276586281547,24.635949342373635,10.766615066955817,12.678327965469265,6.708203932499369,2.670205984563738,4.201190307520001,4.8754486972995625,10.47568613504624,18.36872341780996,12.902325371807985,1
808,6.014981296729027,3.792097045171708,1.6401219466856725,1.3228756555322954,1.3674794331177345,1.9544820285692064,3.705401462729781,3.60416425818802,4.92645917470144,1.8138357147217052,1.5,1.3341664064126333,1.374772708486752,2.06881608655772,2.6514147167125706,4.069397989875161,1
25230,18.54427135263071,12.270696801730535,3.685105154537656,2.7694764848252458,2.947880594596735,6.903622237637283,9.742176348229384,19.99074785994761,14.252719038836062,9.17877987534291,3.4655446902326914,3.2310988842807022,4.077989700820736,4.993996395673509,6.253798845501828,15.339817469578964,1
37764,2.9899832775452104,23.289053222490605,5.246903848937962,7.07248188403477,5.906775770248943,17.511139311878026,10.170054080485512,6.634003316248794,29.329507326240584,19.63466322603981,5.296225070746145,7.23325652801005,22.94645942188032,7.263607918933951,9.08350152749478,10.749418588928426,1
29978,6.385922016435841,11.992914574864612,3.4828149534536,2.090454496036687,3.531288716601915,3.5383612025908264,4.353159771935784,3.896151947755632,17.48570845004571,8.606973916540005,3.0886890422961,3.984971769034255,3.4146742157927745,4.58257569495584,7.662245101796209,5.92452529743945,1
26775,21.496046148071045,17.57811138888362,5.596427431853289,3.921734310225516,4.387482193696061,9.494208761134336,11.20267825120404,19.707105317625924,17.851330482627898,9.041570660012562,3.891015291668744,4.503332099679081,4.410215414239989,6.340346993658944,7.03420215802759,19.050721771103586,1
16825,12.994229488507582,12.078493283518435,2.0024984394500787,1.797220075561143,10.02796090937734,4.538722287164087,11.648605066702192,5.276362383309167,12.920526305069776,7.565051222562872,2.4413111231467406,4.857983120596447,8.04673846971554,4.638965401897281,4.602173399601541,8.777812939451376,1
24246,16.56743794314619,12.373762564394069,3.9370039370059056,2.7440845468024486,3.4132096331752027,6.511528238439882,10.086129089001387,18.907934842282486,15.557634781675524,7.543208866258444,2.725802634087802,3.264965543462901,3.830143600441112,5.060632371551998,5.317894320123332,14.241839768793918,1
22056,21.71658352503911,20.10174121811342,5.9715994507334464,3.994996871087636,6.623443213314356,12.300406497347964,12.8639029847088,21.53206910633532,19.42446910471429,11.31149857445953,4.317406628984581,5.62672195865408,5.088221693283421,5.81033561853358,7.383765976789893,14.166156853571826,1
19685,19.52101431790879,13.147243057006284,2.6683328128252666,2.147091055358389,2.930870177950569,3.018277654557314,19.63389925613351,8.754427451295715,12.580540528928,8.063498000247783,2.664582518894845,3.181194744117373,4.58257569495584,10.447966309287182,15.192761434314695,10.56929515152264,1
15779,11.927279656317278,11.536463929644992,4.197618372363071,1.982422760159901,3.921734310225516,2.545584412271571,4.108527716834828,6.019966777316965,9.05041435515524,6.6392770690791325,2.5865034312755126,2.9189039038652846,3.4641016151377544,16.327890249508663,3.093541659651604,7.410128204019145,1
25773,18.71069213043708,12.941020052530636,3.8704004960727256,2.8478061731796283,3.7296112397943033,7.896834808959853,8.15965685553014,16.380781422142228,11.779643458101775,5.445181356024793,2.5317977802344327,2.443358344574124,2.760434748368452,3.6138621999185294,4.628174586162454,14.848568954616468,1
24532,15.028306624500312,10.51427600931229,3.394112549695428,2.636285265292813,2.8478061731796283,5.456189146281496,6.968500556073739,16.404572533290832,13.057181931795238,6.282515419798028,2.7694764848252458,2.6814175355583845,2.95296461204668,5.194227565288221,5.948949487094339,13.617268448554578,1
6367,12.95067565804966,5.273518749374084,2.340939982143925,1.905255888325765,3.0789608636681307,3.765634076752546,8.162720134857008,6.996427659884722,11.890332207301864,3.9370039370059056,1.969771560359221,2.1095023109728985,2.2869193252058544,6.240192304729078,5.89576118919347,12.833160171991931,1
37062,3.8535697735995385,34.74463987437487,5.812056434688156,5.316954015223378,5.176871642217914,19.792675412889487,17.35425019987899,13.485547819795828,22.174760427116237,23.79012400135821,5.316954015223378,4.188078318274385,12.867400669909989,12.207374820165064,12.22947259696836,10.583005244258365,1
23661,20.243764472054103,21.451573368869703,6.17332973362026,3.9698866482558417,4.527692569068709,8.235289915965314,11.5,18.02165364221608,16.12048386370583,8.512343978012167,3.424908757908742,3.8691084244306206,4.61519230368573,6.853466276272176,6.622688275919379,13.903596656980524,1
29324,2.9949958263743874,6.5482822174979605,2.0223748416156684,1.503329637837291,2.3043437243605824,1.4730919862656235,1.407124727947029,2.0074859899884734,6.516901104052447,3.21403173599764,1.6941074346097416,3.1559467676119,2.511971337416094,1.3601470508735445,1.407124727947029,2.3664319132398464,1
7086,8.99944442729661,15.463828762631849,2.835489375751565,1.70293863659264,1.4106735979665883,1.705872210923198,2.80713376952364,5.008991914547277,4.7812132351527685,5.52630075185924,1.857417562100671,1.42828568570857,1.6822603841260722,3.2908965343808667,3.6193922141707713,4.4,1
21096,23.09004114331544,16.58824885272704,3.958535082577897,2.694438717061496,10.658799181896615,5.968249324550709,16.66433316997713,8.175573374387879,19.390461572639264,16.949631264425786,3.806573262134856,5.90592922409336,7.986864215698174,7.603288762108145,17.832834883999794,12.759702190882043,1
26346,19.09031167896428,12.395563722558164,3.7960505792204615,2.7422618401604177,3.424908757908742,7.314369419163897,9.805100713404222,14.44852933692561,12.404837765968566,9.888882646689666,3.849675310984032,3.9408120990476063,4.09878030638384,5.361902647381804,6.272957835024878,20.19232527471762,1
30059,7.08590149522275,14.118427674496903,3.235737937472688,2.2,3.2908965343808667,2.988310559496787,5.037856687123999,3.722902093797257,19.14027168041248,11.005907504608604,3.54400902933387,4.749736834815167,4.304648650006177,3.817066936798463,6.905070600652827,5.618718715152059,1
27576,6.786015030929419,12.17251001231874,4.202380277890139,3.0397368307141326,7.040596565632773,3.5411862419251547,5.43323108288245,6.153048025166064,12.963795740445777,8.056053624449133,3.046309242345563,7.725930364687478,6.588626564011653,4.148493702538308,5.164300533470143,4.898979485566356,1
1533,8.317451532771322,3.5930488446443363,1.816590212458495,1.5968719422671311,2.2494443758403984,2.701851217221259,5.155579501860096,4.754997371187496,5.302829433425141,2.3685438564654024,1.6031219541881396,2.06881608655772,2.882707061079915,2.80713376952364,3.0083217912982647,6.252999280345393,1
1491,8.317451532771322,3.5930488446443363,1.816590212458495,1.5968719422671311,2.2494443758403984,2.701851217221259,5.155579501860096,4.754997371187496,5.302829433425141,2.3685438564654024,1.6031219541881396,2.06881608655772,2.882707061079915,2.80713376952364,3.0083217912982647,6.252999280345393,1
9763,4.269660408041839,16.051168181786643,4.019950248448356,1.6217274740226857,2.353720459187964,3.069201850644561,8.884255736976508,4.401136216933078,7.302054505411474,13.0682822130531,2.8513154858766505,1.949358868961793,3.054504869860253,9.090104509850258,7.806407624509497,2.4413111231467406,1
7372,9.7066987178958,14.648549416239138,4.235563716909474,1.8867962264113207,1.7262676501632068,3.241913015489465,8.298192574289898,5.2848841046895245,7.835815209663893,25.03916931529479,4.706378650300037,2.39791576165636,3.348133808556641,10.363397126425292,7.761443164772902,5.36935750346352,1
16957,15.08045092164024,27.18602582210206,3.160696125855821,2.640075756488817,11.456002793295749,4.960846701924985,23.147570066855828,7.638717169787085,16.90857770482189,13.41268056728408,3.468429039204925,5.058655947976695,8.244392033376384,6.562773803811922,11.43109793501919,5.896609195122228,1
8196,13.133544837552428,40.83540130817867,15.998437423698602,4.6141087980237305,3.077336510685824,6.133514490078261,16.383833495247686,7.93536388579629,13.124023773218337,31.34788669113119,5.065570056765576,3.3600595232822883,6.023288138550239,18.482694608741443,15.927648916271352,6.082762530298219,1
8275,12.51079533842673,35.706441995807985,16.19197332013612,4.716990566028302,2.929163703175362,3.7669616403674726,14.656397920362288,6.743144666993286,11.267209059922514,23.109738207084902,6.9397406291589885,2.683281572999748,5.799137866959192,11.04445562261898,12.664517361510464,5.574047003748713,1
11782,8.623804264940155,7.926537705707329,2.2427661492005804,1.8973665961010275,1.8138357147217052,3.220248437620924,4.728636167014756,3.879432948254165,7.076015828133795,5.838664230798,2.293468988235943,2.130727575266252,4.2485291572496005,14.082968437087404,2.6229754097208,3.7336309405188937,1
42763,6.755738301621815,11.469088891450792,3.88329756778952,1.9,1.7,1.5716233645501712,2.3302360395462087,4.384062043356595,5.692978130996113,4.994997497496871,1.82208671582886,1.6733200530681511,1.57797338380595,2.420743687382041,2.842534080710379,2.142428528562855,1
20169,23.62519841186524,5.958187643906492,2.90516780926679,2.3727621035409343,6.824221567329126,4.042276586281547,24.635949342373635,10.766615066955817,12.678327965469265,6.708203932499369,2.670205984563738,4.201190307520001,4.8754486972995625,10.47568613504624,18.36872341780996,12.902325371807985,1
36481,2.624880949681337,15.962455951387932,3.75099986670221,4.054626986542659,2.9154759474226504,12.3227432010896,6.759437846448475,3.3226495451672298,27.99285623154593,14.659467930317254,4.955804677345546,3.75099986670221,16.518474505837396,8.04114419718985,5.678908345800274,8.807383266328314,1
46799,5.644466316668034,12.67951103158162,3.879432948254165,1.5394804318340654,1.489966442575134,1.3638181696985856,1.688194301613413,4.611941023040083,7.430343195303969,6.375735251718032,3.7841775856849,1.6852299546352716,1.5874507866387544,1.374772708486752,1.8681541692269408,3.22490309931942,1
33383,2.195449840010015,4.431703961232068,1.7262676501632068,2.9563490998188966,1.5968719422671311,4.174925149029621,1.3638181696985856,2.0663978319771825,3.558089374931439,2.826658805020514,1.7663521732655694,2.0591260281974,8.056674251823763,2.5019992006393608,2.08806130178211,4.262628297189424,1
18924,17.455371666051686,16.049922118191105,3.4669871646719432,2.723967694375247,2.209072203437452,2.584569596664017,23.58262071950444,9.14713069765596,15.73689931339716,12.835108102388542,3.293933818400121,2.083266665599966,2.7586228448267445,10.25426740435415,16.34502982560754,9.754486147409304,1
30877,4.17612260356422,8.179242018671413,2.4979991993593598,1.9157244060668015,2.824889378365107,2.7386127875258306,4.515528761950255,2.831960451701259,14.199647882958224,6.483826030978931,2.3021728866442674,3.0967725134404045,2.932575659723036,3.954743986657038,6.089334939055331,4.186884283091665,1
10147,5.471745608121781,17.215109642404258,4.791659420284375,1.8547236990991407,1.7635192088548397,2.725802634087802,10.553198567259123,5.58121850495033,9.673675619949224,9.929753269845127,2.247220505424423,2.004993765576342,3.1968734726291563,9.61717214153932,15.50451547130706,2.694438717061496,1
25367,23.47807487849036,13.352527850560731,4.110960958218893,3.461213659975356,3.4899856733230297,6.092618484691126,10.81988909370147,31.863144854204208,12.237646832622683,6.131068422387733,2.824889378365107,2.29128784747792,2.41039415863879,4.338202392696772,6.251399843235113,12.960709857102737,1
24677,15.70350279396288,13.72807342637706,3.9370039370059056,2.7730849247724096,3.388214869219483,6.323764701504951,8.893818077743664,18.876440342395068,13.991783303067557,6.012487006222965,2.6,2.930870177950569,3.026549190084311,4.544227107000705,5.67978872846517,14.191546779685432,1
28365,5.939696961966999,8.711486669908874,3.419064199455752,2.428991560298224,2.924038303442689,2.080865204668481,2.5,3.782856063875548,19.24733747820721,6.550572494064927,2.771281292110204,3.608323710533743,3.054504869860253,1.8055470085267789,2.72213151776324,6.849817515817484,1
4715,18.140011025354973,8.955445270895245,2.4819347291981715,2.2,3.5242020373412197,7.778817390837761,8.438009243891594,7.428324171709256,14.76719336908676,5.2345009313209605,2.179449471770337,2.9,3.6207733980463344,7.598684096605148,7.383765976789893,17.34646938140439,1
46141,3.708099243547832,8.757282683572571,2.8442925306655784,1.4387494569938155,1.3564659966250536,1.3379088160259651,1.3228756555322954,3.522782990761708,4.290687590584987,6.441273166075167,4.324349662087931,1.82208671582886,1.3711309200802089,1.378404875209022,1.493318452306808,2.16794833886788,1
16502,16.924538398432023,21.17616584748051,7.953615530059269,4.447471191587417,5.741950887982237,9.90807751281751,11.793218390244457,7.922120928135343,15.243359209832985,13.933054223679743,3.945883931389772,3.738983819167984,5.123475382979799,23.70717191062654,4.424929377967517,10.332473082471592,1
40710,6.242595614005444,11.957006314291217,4.338202392696772,1.8947295321496416,2.0639767440550294,3.5805027579936315,7.774316690230724,4.767598976424087,9.503683496413377,6.634003316248794,2.3874672772626644,1.977371993328519,2.455605831561735,13.314653581674593,4.558508528016593,3.160696125855821,1
15445,25.120907626915077,22.92291429988779,9.284934033152847,4.250882261366456,7.338937252763509,13.025359879865125,13.286835590162166,10.153324578678651,19.347351239898448,18.799468077581345,5.714017850864661,5.812056434688156,7.966806135459805,27.424988605284778,6.10163912403872,12.684242192578948,1
13765,18.69411672157848,21.82956710519015,6.870225614927067,3.5874782229304194,8.162107570964745,5.370288632839021,12.727136362905837,7.670723564306042,16.99205696788944,12.008746812219831,3.996248240537617,5.494542747126461,7.148426400264607,13.59301291105103,3.984971769034255,6.154673021371647,1
1718,5.661271941887264,5.515432893255071,1.664331697709324,1.469693845669907,1.6552945357246849,2.374868417407584,3.8691084244306206,4.57274534606947,8.79033560223954,5.206726418777925,1.7663521732655694,1.7,1.8,2.588435821108957,2.23606797749979,4.50111097397076,1
36765,3.054504869860253,33.6761042877587,4.618441295502196,5.956509044734172,5.570457790882182,15.135058638802825,15.683430747129275,10.822661410207749,30.01432991089423,24.498163196452097,7.482646590612175,6.632495759516172,24.84451649760969,10.651291001564084,6.766091929614909,17.313867274528818,1
12731,18.37171739386386,15.115224113455945,7.662897624267207,4.395452195167183,6.974238309665077,9.748333190858837,10.792590050585634,9.744742172063866,21.981355736168776,18.32539221954062,6.476109943476871,5.877074101966046,6.11228271597445,19.662654958067083,4.934571916590131,8.896066546513689,1
42154,13.212115651930995,24.742473603097974,9.027181176868003,3.831448812133603,3.529872518944558,5.973273809227232,12.832770550430643,7.387827826905551,13.015759678174762,14.53375381654719,3.1096623610932426,2.6343879744638983,3.2848135411313684,14.600684915441468,6.400781202322104,4.352011029397789,1
23430,20.728724032125083,20.41935356469445,5.954829972383762,4.194043395102153,5.063595560468865,9.19565114605812,10.325696102442684,19.49692283412949,14.99766648515695,6.990708118638626,2.8106938645110398,4.152107898405339,4.442971978304612,5.87962583843564,5.758472019555187,15.16739924970659,1
41758,5.321653878260029,8.73155198117723,2.8774989139876315,1.5905973720586866,1.6852299546352716,1.40356688476182,1.6,4.256759330758553,3.752332607858744,5.732364259186605,2.0074859899884734,1.452583904633395,1.2688577540449522,1.4317821063276353,1.4560219778561037,1.905255888325765,1
22679,17.03202865192517,17.041420128616043,4.08166632639171,2.7586228448267445,3.301514803843836,5.596427431853289,8.706319543871567,15.692354826475215,15.341447128612083,10.24060545085104,3.059411708155671,3.5057096285916205,4.102438299353203,5.042816673249187,6.157109711544857,19.225763964014536,1
28019,4.793745925682754,5.044799302251775,2.5039968051097827,2.7694764848252458,5.849786320883866,3.642801120017397,4.685082710048992,4.0484564959994325,23.13266089320465,14.207392441964853,4.244997055358225,7.431688906298486,7.486654793697917,3.435112807463533,5.78013840664737,9.12797896579522,1
3247,8.022468448052631,5.242136968832463,1.63707055437449,1.2,1.4106735979665883,2.3302360395462087,2.6172504656604803,4.376071297408213,8.509406559801922,3.1192947920964444,1.5362291495737217,1.4352700094407325,1.5842979517754858,2.06881608655772,2.8879058156387303,5.338539126015656,1
5448,11.794490239090456,7.362744053679987,2.406241883103193,1.6911534525287764,2.592296279363144,3.2588341473600644,8.013738203859669,6.150609725872712,14.220407870381214,4.502221673796171,1.9621416870348585,1.752141546793523,2.3685438564654024,4.6946778377222005,5.349766350038102,13.96352391053204,1
17907,27.187864940079425,33.614282678647186,5.812056434688156,3.774917217635375,12.799218726156688,10.399038417084531,25.84492213182311,11.380685392365436,24.285386552410483,17.7459854615065,4.633573135281238,6.789698078707183,10.457055034760025,11.94361754243663,22.908295440735,16.687420411795227,1
5140,12.87089740461014,5.500909015790027,2.5298221281347035,1.982422760159901,2.65329983228432,4.301162633521313,7.29520390393579,6.053924347066125,11.231206524679347,4.190465367951393,2.0591260281974,2.0639767440550294,2.9949958263743874,4.861069841094653,5.471745608121781,12.974205177967551,1
29160,3.283291031876401,5.763679380395825,2.0223748416156684,1.7146428199482249,2.6739483914241875,1.5459624833740306,1.4177446878757824,2.092844953645635,7.379024325749306,3.106444913401813,1.8601075237738276,3.806573262134856,2.9410882339705484,1.5556349186104046,1.705872210923198,3.1,1
1540,8.317451532771322,3.5930488446443363,1.816590212458495,1.5968719422671311,2.2494443758403984,2.701851217221259,5.155579501860096,4.754997371187496,5.302829433425141,2.3685438564654024,1.6031219541881396,2.06881608655772,2.882707061079915,2.80713376952364,3.0083217912982647,6.252999280345393,1
28038,10.22105669683913,21.81673669456548,5.717516943569122,3.559494346111537,4.856953777832357,5.143928459844674,5.232590180780452,6.072067193304106,21.360243444305592,10.662082348209472,3.651027252705737,6.511528238439882,5.759340239992772,4.723346271447817,5.583905443325486,6.2136945531623935,1
39148,15.632977963267267,27.105350025410115,11.283173312503887,4.219004621945797,8.112952606788726,7.578918128598566,9.212491519670452,9.135644476444998,18.18488383245821,16.928969253915017,5.969087032369356,4.535416188179426,7.189575787207476,10.938464243210744,8.228000972289685,6.104096984812741,1
6068,13.19280106724876,6.697014260101288,3.4176014981270124,3.260368077380221,5.035871324805669,8.612200647918046,10.521881960942158,9.258509599282164,13.821722034536796,5.744562646538029,3.2588341473600644,5.365631370118525,7.899999999999999,9.34826187052973,10.34553043589356,20.787255711132243,1
41848,8.565628990331067,15.23745385554949,5.6964901474504455,2.535744466621193,2.130727575266252,2.85657137141714,4.531004303683677,4.896937818678118,9.536246641105713,11.82243629714282,2.7748873851023217,1.6431676725154984,1.5620499351813308,7.641334961902927,2.6962937525425525,2.986636904613616,1
41080,10.44030650891055,17.803651310896875,6.398437309218556,2.792848008753788,2.433105012119288,3.720215047547655,9.845303448853164,5.993329625508679,11.879393923933998,12.144546101028231,3.487119154832538,2.364318083507378,3.0919249667480613,9.786214794290998,6.636264009214823,3.772267222772003,1
47081,6.176568626672903,12.536347155371857,3.5199431813596083,1.7088007490635062,1.4,1.3038404810405295,1.7146428199482249,4.629254799641083,6.196773353931867,9.92874614440313,4.994997497496871,1.6462077633154328,1.3228756555322954,1.3892443989449803,1.8,3.026549190084311,1
23643,20.058913230780973,20.463137589333652,7.064700984472025,4.636809247747852,4.291852746774987,9.635351576356724,12.617448236470002,17.635475610257863,15.51193089205854,8.06225774829855,3.5958309192730407,4.9869830559166735,5.64889369699944,6.734983296193095,6.439720490828775,17.073956776330434,1
41337,7.0476946585390605,15.561490931141527,4.742362280551751,2.0174241001832014,2.039607805437114,3.318132004607412,5.732364259186605,3.562302626111375,6.272160712226689,5.497272050753901,1.9874606914351791,1.5968719422671311,1.4866068747318506,5.6674509261219015,4.110960958218893,2.351595203260969,1
34354,2.3769728648009427,10.10494928240612,4.965883607174055,4.232020793899765,2.5377155080899043,9.240670971309388,7.411477585475112,3.128897569432403,25.285371264824253,13.140776232780162,4.063249930782009,3.1256999216175565,13.131260411704584,8.969392398596462,4.909175083453431,7.059036761485238,1
11047,5.714892824891819,8.813625814612282,3.4161381705077445,1.8275666882497064,1.6703293088490063,2.443358344574124,6.885491994040804,4.861069841094653,6.458327956987009,21.352049081996796,6.700746227100382,2.745906043549196,3.295451410656816,10.748488265798125,12.23396910246221,2.449489742783178,1
21729,18.685823503394225,19.019463714836967,4.898979485566356,4.648655719667784,8.54107721543366,17.739222079899672,23.24478436122822,17.55619548763342,22.04495407117012,34.04276722007187,11.336666176614711,6.309516621738943,8.258934555982387,13.30526211692201,11.528659939472584,21.96861397539681,2
18900,19.568852802348943,14.71801617066648,8.261961026293939,4.03732584763727,3.9698866482558417,10.252804494381037,16.41188593672281,23.009780529157595,18.675117134840143,13.194316958448436,5.301886456724625,3.127299154222378,3.830143600441112,8.120344820264716,12.303657992645928,24.754595532951047,2
18389,15.690124282490563,13.434656675925888,4.177319714841085,3.1827660925679098,3.4828149534536,8.866791979064356,10.13311403271472,17.363179432350517,17.8932948335403,15.31502530197061,4.063249930782009,4.201190307520001,5.3,8.827797007181351,7.769813382572325,13.130879635424275,2
7595,6.661831579978587,6.650563885867122,2.3,1.6093476939431082,1.606237840420901,2.4166091947189146,11.449890829173874,5.869412236331676,5.621387729022079,4.689349635077342,2.179449471770337,1.8547236990991407,1.6431676725154984,8.598837130682265,15.359036428109675,4.064480286580315,2
19337,22.043593173527768,17.102339021315185,5.995831885568507,5.309425580983314,7.428324171709256,15.228263197095066,20.735959104897947,22.92596780945136,28.274193180354413,34.287169611970015,12.286578042726136,7.543208866258444,8.196950652529269,15.669716015295236,13.374228949737626,23.293990641365,2
12973,18.74486596377792,35.81535983345693,13.195074838741917,5.635601121442148,8.958794561770016,12.387090053761618,14.50137924474772,12.049896265113654,28.532963393240458,20.24672813073757,5.5,8.417244204607586,7.726577508832744,19.83154053521813,6.616645675869307,12.62933094031509,2
11627,14.259032225224823,13.477759457714033,4.338202392696772,2.3065125189341598,4.581484475582123,4.485532298401161,5.422176684690384,6.506150935845248,15.33525350295847,14.393401265857907,4.4328320518603,5.196152422706632,6.067948582511226,22.83374695489113,6.529931086925803,7.293833011524188,2
2104,6.809552114493287,6.45445582524197,1.8547236990991407,1.32664991614216,1.51657508881031,3.741657386773941,4.508880127038198,3.9102429592034302,8.281304245105357,2.718455443813637,1.503329637837291,1.4560219778561037,2.0952326839756963,3.819685850956856,3.152776554086889,5.228766584960549,2
20806,18.79122135466452,16.319620093617374,4.5,3.981205847478877,6.343500610861483,15.12778899905733,22.240953216982405,18.983940581449364,19.16063673263496,27.556124546096825,9.092304438369846,7.576278769950324,7.754353615872828,11.12924076476019,11.618089343777658,21.86664126014784,2
14380,25.31066968691267,23.442696090680357,3.366006535941367,2.445403852127497,8.050465825031493,14.782760229402356,22.36157418430107,10.619322012256715,15.116547224812946,12.020399327809372,3.874274125562103,4.577116996538323,9.052071586106685,11.59094474147815,18.950461735799475,17.512281404774193,2
32883,5.442425929675111,7.458552138317463,3.6138621999185294,1.9748417658131496,2.3065125189341598,5.006995106848018,10.670051546267244,4.192851058647325,9.96845023060255,15.968093186100836,4.31161222746202,2.8583211855912904,4.909175083453431,15.684068349761803,7.914543574963751,3.60416425818802,2
11858,12.407658925034973,8.163945124754331,3.306055050963308,2.3151673805580453,1.7748239349298849,3.046309242345563,2.0518284528683197,5.049752469181039,15.337861650177969,6.866585760041158,2.778488797889961,2.9631064780058107,4.281354925721529,12.989226304903614,4.571651780264984,6.9397406291589885,2
31504,8.488227141164401,14.104254677224176,5.788782255362522,3.083828789021855,3.827531841800928,10.877040038539898,15.267285285865327,8.001249902359005,15.185848675658534,18.76832437912346,5.2182372502599,2.9068883707497264,6.003332407921453,23.729728190605133,13.10915710486376,4.881598098983569,2
6029,5.207686626516615,5.154609587543949,2.1213203435596424,1.743559577416269,2.3579652245103198,2.5099800796022267,13.17080103866124,6.4093681435848255,10.0074971896074,3.2280024783137944,2.019900987672416,2.374868417407584,3.981205847478877,12.006664815842909,17.066048165876012,4.101219330881976,2
12377,9.74268956705488,9.0,7.766595135579039,2.364318083507378,4.252058325093859,2.7586228448267445,2.615339366124404,5.935486500700679,16.73290172086121,24.01957535011808,5.814636704042653,5.343220002957018,4.998999899979995,18.135324645563973,5.455272678794342,6.766830868286867,2
285,17.077470538695124,38.03472097965226,5.728874234961001,2.543619468395381,3.1,13.475533384619698,9.854947995803936,6.292058486695749,30.48885042109656,10.42928568982555,3.5832945734337835,4.188078318274385,5.496362433464518,10.757323087088162,9.328451104015071,16.657130605239306,2
25841,2.240535650240808,5.6859475903318,2.215851980616034,2.670205984563738,3.018277654557314,11.200892821556682,5.880476171195663,2.740437921208944,5.084289527554465,5.911852501542981,2.253885533916929,2.1908902300206643,9.938812806366764,5.309425580983314,6.272957835024878,4.797916214358063,2
6260,6.468384651518492,8.114801291467339,2.3065125189341598,1.4798648586948742,1.4594519519326423,2.186321110907545,11.07158525234756,5.965735495309862,6.923149572268391,2.2045407685048604,2.0,2.0,1.841195263952197,7.521303078589507,11.508692367076288,4.565084884205331,2
30439,7.0519500849055925,8.69540108333135,2.98496231131986,1.794435844492636,1.835755975068582,3.37934904974316,6.830080526611674,6.806614430096654,6.689544080129826,8.149846624323676,2.29128784747792,1.82208671582886,2.1213203435596424,9.028288874421332,4.092676385936225,2.792848008753788,2
5420,5.200961449578338,2.073644135332772,1.664331697709324,1.3228756555322954,1.5394804318340654,2.238302928559939,10.172020448268867,4.618441295502196,2.3151673805580453,1.816590212458495,1.8275666882497064,1.6613247725836149,1.6583123951777,9.965942002640794,13.629013170439013,3.521363372331802,2
24340,3.6013886210738213,2.4899799195977463,1.6583123951777,1.3416407864998738,2.753179979587241,5.176871642217914,9.098901032542337,3.023243291566195,13.04453908729626,18.924322973358915,3.9496835316263,3.5425979167836705,3.694590640382233,9.065870063044144,8.268615361715648,4.645427859734774,2
19179,13.987494414654828,10.3860483341837,3.2109188716004646,3.1749015732775088,5.080354318352215,11.769027147559818,19.82422760159901,19.655279189062668,19.783326312832227,24.748939371213467,7.07248188403477,4.598912915026768,5.3516352641038605,10.730330842988952,8.40119039184329,12.29552764219576,2
31826,6.18465843842649,11.35077089893017,4.026164427839479,1.9131126469708992,1.7888543819998317,1.6431676725154984,2.619160170741759,4.119465984809196,7.319152956456095,6.694774081326419,1.8439088914585773,1.4866068747318506,1.6941074346097416,7.428324171709256,1.8973665961010275,2.8284271247461903,2
30032,4.985980344927164,63.05402445522411,10.149876846543508,5.441507144165116,5.551576352712804,22.468422285509945,13.24764129949177,14.612323566086264,27.45031875953356,43.14429278595258,9.732933781753578,9.149316914393117,29.12232820363097,18.67913274218051,11.943198901466891,18.10082871031048,2
5557,4.896937818678118,2.7802877548915688,1.9595917942265424,1.5905973720586866,1.5132745950421556,2.262741699796952,9.78008179924892,5.301886456724625,2.1260291625469296,2.0074859899884734,1.8083141320025125,1.9209372712298547,1.7233687939614086,10.560303025955267,11.414464507807626,3.184336665618132,2
21134,13.934130758680285,12.043670536842164,4.914264950122246,2.8635642126552705,3.443835071544513,6.289674077406556,9.459386872308372,14.139306913706909,11.337548235840057,5.9,3.1937438845342623,3.4525353003264136,3.874274125562103,6.070420084310475,4.851803788283282,12.116104984688768,2
25895,2.213594362117865,18.244999314880776,5.419409561935692,6.196773353931867,5.799137866959192,14.599657530229948,13.108394257116316,9.32630687893123,29.182186347153635,14.924476540234169,6.089334939055331,4.494441010848846,14.098936130077332,12.190980272316086,11.800423721205949,15.096688378581575,2
11724,10.699065379742288,12.305689740928788,3.077336510685824,1.862793601019716,3.104834939252005,3.6,2.209072203437452,5.244044240850758,15.784802817900514,7.575618786607468,2.9274562336608896,3.681032463861192,4.302324952859791,15.284305676084864,4.138840417314976,6.381222453417527,2
5747,4.112177038990418,5.465345368775884,3.623534186398688,1.6792855623746663,1.378404875209022,1.6093476939431082,6.833739825307955,4.04103947023535,2.4859605789312105,12.82692480682724,7.4357245780085215,2.4083189157584592,1.8520259177452132,6.706713054842886,14.159802258506296,3.40587727318528,2
15835,18.025814822082246,4.5793012567421245,2.0445048300260877,1.8788294228055933,8.81986394452885,4.737087712930805,18.72324758154952,7.67984374841051,12.014990636700473,13.138112497615476,2.9765752132274432,4.355456348076514,6.129437168288781,8.812491134747313,18.184058952830085,12.17374223482656,2
33184,5.488169093604897,6.558200972827838,3.1016124838541645,2.080865204668481,2.009975124224178,4.481071300481616,10.293201639917484,5.5,9.620810776644555,15.875452749449384,3.626292872893749,2.080865204668481,2.86879765755621,18.546428227559076,8.28190799272728,3.6386810797320495,2
12434,8.836288813749809,4.198809355043403,4.973932046178355,1.8788294228055933,1.816590212458495,2.7676705006196096,1.91049731745428,3.792097045171708,15.33101431738944,8.037412518964047,3.411744421846396,4.12674205639267,4.337049688440288,17.49371315644566,3.789459064299283,6.83593446428504,2
26064,4.502221673796171,55.07794476920866,7.954244150137711,7.600657866263946,5.340411969127476,19.01236439793852,26.90074348414928,17.34358671094304,29.47948439169179,40.49802464318476,8.336066218546971,8.509406559801922,29.86737350354061,21.52603075348542,22.103619613086,21.91437884129961,2
979,16.979693754599936,34.20029239641088,5.939696961966999,2.572936066053721,2.613426869074396,8.238931969618392,9.216289925995166,5.616938667993447,29.50813447170119,6.813956266369781,2.23606797749979,3.0446674695276656,4.583666654546336,10.897706180660222,7.590783885739338,14.707481089567988,2
11070,17.5874955579241,25.19622987670973,8.681013765684282,4.028647415696738,8.057915363169311,7.349149610669251,9.313968005098578,8.857200460642177,2.582634314028992,4.846648326421054,3.615245496505044,1.6703293088490063,1.4177446878757824,1.3527749258468684,2.0174241001832014,2.5258661880630178,2
26687,2.4392621835300936,9.092304438369846,3.0724582991474434,2.9664793948382653,3.0380915061926625,9.34558719396486,5.854912467321779,3.3090784215548594,12.290646850349251,9.09615303301346,3.047950130825634,2.638181191654584,11.568059474259284,2.9137604568666933,2.701851217221259,6.509992319503918,2
8440,17.9552220816118,20.208166665979377,8.409518416651455,3.840572873934304,8.000624975587845,11.1597491011223,15.219395520190677,10.377861051295683,17.96914021315433,11.060741385639572,3.683748091278773,5.355371135598354,5.257375771237967,17.451647486698786,3.772267222772003,7.570336848516056,2
22663,3.1733263305244863,3.726929030716845,1.7691806012954132,1.51657508881031,3.018277654557314,4.001249804748512,8.63944442658207,2.716615541441225,13.924079861879564,17.106139248819414,3.957271787481876,3.6918829883949456,4.052159917870962,6.877499545619759,9.411163583744573,4.381780460041329,2
15030,31.117197817284254,20.27042180123541,5.499090833947008,2.99833287011299,11.957006314291217,17.5874955579241,28.912799933593423,13.27328143301422,24.426624818013643,29.338882050957565,6.456779382943171,6.0950799830683104,10.47807234180028,15.650878569588354,23.94159560263267,23.391237675676763,2
10203,22.299327344115117,33.22754881118979,10.290286682109492,4.29767378938886,7.860661549767933,11.727744881263405,16.76245805363879,14.230249470757707,2.569046515733026,4.786439177509728,4.013726448077896,1.841195263952197,1.47648230602334,1.4247806848775006,2.2494443758403984,3.4467375879228173,2
16200,29.55841673703109,19.72941965694886,5.900847396772772,3.301514803843836,12.06358155772986,21.539498601406677,28.998275810813304,15.188482478509826,24.53874487417806,42.420513905420805,8.84816365128946,6.250599971202765,10.987265355856296,18.045498053531247,31.841953457663365,20.163333057805698,2
24974,3.3241540277189325,4.380639222761902,1.711724276862369,1.3711309200802089,1.997498435543818,3.062678566222711,5.898304841223451,2.3345235059857505,12.642389014739264,13.233291351738616,2.8861739379323623,2.220360331117452,2.4576411454889016,5.688585061331157,7.158212067269313,3.4971416900091423,2
12804,25.58280672639341,30.78294982616189,11.363098169073432,5.332916650389353,8.863407922464136,8.913472948295743,15.658543993615751,12.622994890278614,3.345145736735546,4.057092555020159,3.6027767069303644,2.085665361461421,1.61245154965971,1.3892443989449803,2.1213203435596424,4.303486958270002,2
387,10.20930947713899,24.99639974076267,3.934463114581201,2.202271554554524,2.7622454633866265,9.697422337920528,8.229823813423955,4.92645917470144,21.58865442773125,6.6670833203133135,2.6476404589747453,2.8106938645110398,3.9749213828703582,7.401351227985334,6.767569726275452,11.463856244737196,2
32628,5.3282267219028885,6.202418882984283,3.616628264005025,2.23606797749979,3.036445290137796,7.757576941287788,13.260844618650804,4.810405388322278,11.90042016064979,26.056477121821363,5.825804665451804,3.7242448899072143,7.812169993030106,16.830032679706836,11.336225121265016,4.746577714522328,2
18403,15.690124282490563,13.434656675925888,4.177319714841085,3.1827660925679098,3.4828149534536,8.866791979064356,10.13311403271472,17.363179432350517,17.8932948335403,15.31502530197061,4.063249930782009,4.201190307520001,5.3,8.827797007181351,7.769813382572325,13.130879635424275,2
25511,2.4166091947189146,2.487971060924946,1.7262676501632068,1.786057109949175,3.529872518944558,4.096339829652808,7.796794213008318,2.2715633383201093,10.272292830717006,14.271299870719554,3.2186953878862163,3.5383612025908264,3.63318042491699,7.800640999302558,7.010706098532443,3.286335345030997,2
6432,6.123724356957945,22.40691857440465,5.976621118993574,1.8,1.40356688476182,1.5748015748023625,2.9017236257093817,4.54972526643093,5.110772935672255,12.223338332877807,1.992485884517128,1.6673332000533063,1.5,4.815599651133803,10.670520137275409,1.9519221295943132,2
7295,6.433506042586733,9.171150418568,2.240535650240808,1.61245154965971,1.4832396974191326,2.2494443758403984,8.165169930871004,4.949747468305833,7.860661549767933,3.157530680769389,1.8138357147217052,1.8055470085267789,1.6,7.012845356914696,6.8905732707808856,2.471841418861655,2
27056,5.2115256883181535,64.72263900676487,13.654669530969985,7.500666637039671,6.855654600401044,20.23437668918912,17.308668348547208,17.567868396592683,26.57912714894904,48.75869153289493,10.501904589168577,9.240670971309388,28.8809625878363,19.949937343260004,16.146206984923733,23.55419283269966,2
7099,6.348228099241551,10.520456263869928,4.289522117905444,2.3323807579381204,1.7175564037317668,2.0615528128088303,9.725739046468396,5.708765190476834,6.34192399828317,21.897716775956347,10.781929326423912,3.176476034853718,1.982422760159901,8.868483523128406,12.94295174989075,3.96232255123179,2
12393,9.74268956705488,9.0,7.766595135579039,2.364318083507378,4.252058325093859,2.7586228448267445,2.615339366124404,5.935486500700679,16.73290172086121,24.01957535011808,5.814636704042653,5.343220002957018,4.998999899979995,18.135324645563973,5.455272678794342,6.766830868286867,2
1132,10.302426898551625,17.59829537199555,3.81051177665153,1.905255888325765,1.862793601019716,6.968500556073739,5.141984052872976,5.489990892524322,18.612630120431664,4.112177038990418,1.8708286933869709,2.3,3.2062439083762797,5.0774009099144415,4.374928570845472,8.814193099768124,2
27636,4.874423042781577,45.020550862911485,8.059156283383516,6.15223536610881,5.961543424315552,21.55295803364355,20.90813238909683,19.57728275323213,28.54715397373265,37.58523646327105,7.467931440499437,9.150409826887538,25.074090212807324,20.76559654813701,16.45964762684791,22.006589922111967,2
1940,16.275748830699005,29.335984728657056,4.421538193886829,2.1447610589527217,3.195309061734092,12.045331045679069,9.650388593212192,6.275348595894893,30.547831346922155,6.788961628997472,2.3173260452512934,2.4758836806279896,5.517245689653489,10.57071426158138,6.64529909033446,12.638037822383662,2
27084,5.2115256883181535,64.72263900676487,13.654669530969985,7.500666637039671,6.855654600401044,20.23437668918912,17.308668348547208,17.567868396592683,26.57912714894904,48.75869153289493,10.501904589168577,9.240670971309388,28.8809625878363,19.949937343260004,16.146206984923733,23.55419283269966,2
12684,19.590814173994914,22.42476309796828,7.517978451685001,3.627671429443411,8.8,5.717516943569122,8.26317130404544,8.423182296495785,3.170173496829472,4.815599651133803,3.813135192987524,2.118962010041709,1.7146428199482249,1.4387494569938155,2.4269322199023198,3.928103868280471,2
33484,9.062008607367352,12.290240030202828,6.154673021371647,3.093541659651604,3.972404813208241,11.347246362003428,12.221702009131134,6.20644825967316,12.622994890278614,26.87210449518236,7.163797875428926,4.296510211788167,7.774316690230724,19.960460916521946,10.609901036296238,6.427285585688566,2
6189,6.468384651518492,8.114801291467339,2.3065125189341598,1.4798648586948742,1.4594519519326423,2.186321110907545,11.07158525234756,5.965735495309862,6.923149572268391,2.2045407685048604,2.0,2.0,1.841195263952197,7.521303078589507,11.508692367076288,4.565084884205331,2
13252,14.390969390558787,16.218816233005416,6.4,3.2186953878862163,7.319836063738039,7.29314746868593,6.720119046564577,7.67984374841051,21.48674009709244,54.49724763692199,15.106290080625357,11.270314991161516,8.707468059085832,37.18050564475959,10.056341282991545,13.88236291126262,2
6590,6.338769596696191,7.067531393633848,4.712748667179271,1.6792855623746663,1.493318452306808,1.9798989873223327,5.565968020030298,4.6508063816933936,4.941659640242335,30.73336948660202,10.397114984456024,2.5258661880630178,1.6278820596099706,7.758221445666526,3.64417343165772,2.147091055358389,2
6435,6.123724356957945,22.40691857440465,5.976621118993574,1.8,1.40356688476182,1.5748015748023625,2.9017236257093817,4.54972526643093,5.110772935672255,12.223338332877807,1.992485884517128,1.6673332000533063,1.5,4.815599651133803,10.670520137275409,1.9519221295943132,2
20709,18.835604582810717,12.726743495490116,4.444097208657794,3.681032463861192,6.80367547726962,13.890644333507357,22.259829289552066,18.625520126965583,22.62653309722901,33.71972716378352,11.258774356030056,7.958014827832378,8.727542609463445,13.004230081015947,11.37321414552632,19.91833326360416,2
8598,21.10260647408277,35.185792587349795,15.850867484147358,5.862593282839941,12.139192724394816,12.24540730233176,18.278402556022236,13.28118970574549,20.83098653448751,21.766028576660464,6.067948582511226,4.921381919745713,6.039039658753699,27.258209772470384,8.567963585356791,10.782856764327343,2
6918,6.896375859826668,10.494760597555334,3.8013155617496426,1.91049731745428,1.743559577416269,2.947880594596735,20.752349264601342,7.976214641043708,7.516648189186454,19.06567596493762,7.096477999684069,2.6608269391300143,1.9874606914351791,11.700854669638453,16.300613485387597,5.472659317004851,2
1711,17.222369175000285,43.8306970056375,6.136774397026503,2.467792535850613,3.286335345030997,15.706686474237651,10.940749517286282,5.722761571129799,37.32184347001096,7.005711955254798,2.6476404589747453,4.103656905736639,7.63347889235308,16.123275101541868,8.938679992034618,19.03733174580934,2
28357,4.745524207081869,56.96463815385823,8.27526434623088,6.788225099390856,7.162401831787993,21.23887944313447,23.927808090169897,16.787197502859136,33.869160013203754,48.74176853582562,8.19939022122987,8.034301463101817,24.253865671269807,20.5431253707901,19.5420060382756,26.335907047223568,2
22725,3.1733263305244863,3.726929030716845,1.7691806012954132,1.51657508881031,3.018277654557314,4.001249804748512,8.63944442658207,2.716615541441225,13.924079861879564,17.106139248819414,3.957271787481876,3.6918829883949456,4.052159917870962,6.877499545619759,9.411163583744573,4.381780460041329,2
17019,13.145341380123988,4.201190307520001,2.336664289109585,1.8547236990991407,4.870318264754368,2.932575659723036,18.05713155515017,7.146327728281149,6.682065548915245,10.823585357911677,2.5514701644346145,3.207802986469088,3.51283361405006,6.907966415668217,8.611620056644394,9.052623929005335,2
16492,18.623909364040625,10.48284312579369,3.046309242345563,2.406241883103193,8.74585616163449,8.009993757800315,20.276587484091102,11.16422858956229,14.135770230164326,21.179471192643124,4.517742799230607,5.989156868875618,8.241965784932622,9.772410142846033,18.710157669031013,15.18617792599573,2
34079,7.8108898340714035,10.10742301479462,3.4525353003264136,2.1610182784974308,2.725802634087802,5.811196090307055,11.245888137448285,4.442971978304612,15.924509411595698,24.37067910420225,5.3282267219028885,2.95296461204668,6.634756966159348,19.156722057805197,11.926860441876563,6.743144666993286,2
30539,8.120960534321048,10.70420478129973,4.166533331199932,2.215851980616034,2.5019992006393608,4.728636167014756,9.779059259458448,6.337191807101943,8.524083528450435,13.298872132628391,3.725587202039432,2.3108440016582685,3.398529093593286,20.37473926213536,8.925805285799148,4.014971979976947,2
18470,18.1551645544732,12.273548794053006,3.675595189897821,2.930870177950569,4.109744517606903,10.94668899713516,16.114899937635357,22.594247055390007,18.962331080328703,23.375414434828745,6.982836100038436,4.62709412050371,4.967896939349688,9.12962211704296,10.03045362882457,16.466025628548014,2
32846,5.442425929675111,7.458552138317463,3.6138621999185294,1.9748417658131496,2.3065125189341598,5.006995106848018,10.670051546267244,4.192851058647325,9.96845023060255,15.968093186100836,4.31161222746202,2.8583211855912904,4.909175083453431,15.684068349761803,7.914543574963751,3.60416425818802,2
19371,19.043634106966035,12.467958934805647,4.519955751995809,3.964845520319802,7.013558298039591,15.52932709424333,18.227726133558185,22.868755978408625,22.40580281980541,23.07942806917017,7.976841480184999,6.154673021371647,5.822370651203855,11.273420066687835,13.193180056377614,20.50585282303567,2
23508,2.3727621035409343,2.5748786379167465,1.752141546793523,1.3152946437965904,2.0149441679609885,1.7663521732655694,3.034798181098704,1.972308292331602,11.41139781096076,11.669618674146983,3.0099833886584824,2.293468988235943,2.0223748416156684,3.1749015732775088,4.823898838076935,3.427827300200522,2
24646,2.1283796653792764,2.792848008753788,1.4212670403551897,1.3228756555322954,1.4422205101855958,1.3674794331177345,1.783255450012701,1.6911534525287764,7.520638270785266,8.126499861564017,2.1908902300206643,1.6522711641858303,1.4594519519326423,1.7663521732655694,2.118962010041709,2.4372115213907883,2
21039,15.239422561238992,13.2664991614216,6.5337584895678535,2.8653097563788807,3.866522985836241,7.229107828771127,12.088424214925617,15.63969309161788,12.952605915413317,14.40243035046516,5.956509044734172,4.417012565071556,5.10881590977792,7.737570678190926,7.2180329730474355,12.946428078817725,2
27513,2.539685019840059,21.12628694304799,3.479942528261063,4.075536774462966,3.956008088970497,12.922847983320086,9.1,10.609429767899876,27.56755339162328,17.827226368675525,4.82078831727758,6.10163912403872,16.255153029116645,7.442445834535849,6.774953874381729,14.407983897825538,2
27416,2.443358344574124,11.79703352542494,2.349468024894146,2.6438608132804573,2.870540018881465,5.87962583843564,2.7766886753829643,4.37264222181509,18.36327857437228,8.23407554009556,2.6229754097208,2.5475478405713994,9.76985158536198,3.127299154222378,3.269556544854363,9.082951062292477,2
11605,13.048371545905642,13.300375934536588,4.73392015141785,2.6739483914241875,6.115553940568262,5.370288632839021,5.588380803059147,6.189507250177513,19.89497423974205,36.7627528893036,7.890500617831545,6.670832032063167,6.634756966159348,29.93509645883908,8.375559682791353,10.4364745005198,2
3602,15.264009958068032,26.580632046661343,5.071488933242386,2.5298221281347035,3.5341194094144583,12.040348832155985,10.039422294136251,6.079473661428265,30.05844307345276,7.621679604916491,2.295648056649799,2.9274562336608896,4.6475800154489,10.67988763985839,6.941901756723441,11.90504094911059,2
4624,4.557411546042337,5.119570294468081,3.402939905434711,1.5842979517754858,1.4177446878757824,2.3108440016582685,7.070360669725414,3.5679125549822546,2.463736998950984,19.685019685029527,7.7479029420869745,2.278157149978904,1.5394804318340654,8.370782520170978,8.823264701911645,2.1748563170931545,2
28858,2.6664583251946765,18.61074958189487,3.475629439396553,2.9966648127543394,2.1610182784974308,3.1368774282716245,10.066777041337511,12.532358118087751,27.83792377315521,8.226785520481254,3.0,2.1656407827707715,2.149418526020468,7.357988855658862,4.723346271447817,13.46959539110214,2
30572,8.120960534321048,10.70420478129973,4.166533331199932,2.215851980616034,2.5019992006393608,4.728636167014756,9.779059259458448,6.337191807101943,8.524083528450435,13.298872132628391,3.725587202039432,2.3108440016582685,3.398529093593286,20.37473926213536,8.925805285799148,4.014971979976947,2
29518,3.271085446759225,37.64252913925949,6.963476143421474,4.378355855797928,3.235737937472688,6.3498031465550175,6.876772498781678,5.462600113499065,25.982301668635905,19.51665955024066,6.827884006044625,4.052159917870962,7.812169993030106,10.80185169311262,6.511528238439882,11.560709320798615,2
15583,21.839184966477116,16.858528998699736,4.748684028233506,3.077336510685824,14.71189994528239,18.681006396872736,23.896861718644143,13.248773528142143,18.428510520386613,24.98259394058191,5.751521537819362,6.950539547402058,14.286707108357756,14.2414886862294,24.06615881273952,15.759758881404244,2
30037,4.985980344927164,63.05402445522411,10.149876846543508,5.441507144165116,5.551576352712804,22.468422285509945,13.24764129949177,14.612323566086264,27.45031875953356,43.14429278595258,9.732933781753578,9.149316914393117,29.12232820363097,18.67913274218051,11.943198901466891,18.10082871031048,2
22478,3.5777087639996634,2.837252191822221,1.8303005217723127,2.213594362117865,4.988987873306569,4.264973622427225,9.52207960479222,3.7282703764614498,12.651877331052496,16.359706598836055,3.694590640382233,5.299056519796708,5.324471804789654,7.226340706055867,10.43264108459598,4.028647415696738,2
4278,18.02248595505071,32.643529220965064,4.830113870293329,2.5377155080899043,4.097560249709575,12.554282137979854,11.306192993222783,6.597726881282674,36.46985056179968,9.058145505565696,2.6172504656604803,3.2233522922572395,5.209606511052442,13.386560424545207,9.328451104015071,19.115961916681044,2
30961,8.633655077659752,14.63318147225681,5.366563145999495,2.6,2.336664289109585,3.769615364994153,9.863062404750362,5.3535035257296695,10.469479452198184,11.921409312660982,3.67967389859482,2.1400934559032696,3.388214869219483,14.745507790510302,7.040596565632773,4.191658383026938,2
26307,5.209606511052442,71.94289402018798,13.91006829602213,8.756711711595855,7.957386505631105,21.87875682025832,33.59538658804212,18.60806276859577,41.25905961119327,52.921829144503306,11.132385189167683,10.032447358446491,25.70311265197272,19.880643852752858,20.28324431643025,25.985188088601557,2
5624,4.896937818678118,2.7802877548915688,1.9595917942265424,1.5905973720586866,1.5132745950421556,2.262741699796952,9.78008179924892,5.301886456724625,2.1260291625469296,2.0074859899884734,1.8083141320025125,1.9209372712298547,1.7233687939614086,10.560303025955267,11.414464507807626,3.184336665618132,2
26995,5.2115256883181535,64.72263900676487,13.654669530969985,7.500666637039671,6.855654600401044,20.23437668918912,17.308668348547208,17.567868396592683,26.57912714894904,48.75869153289493,10.501904589168577,9.240670971309388,28.8809625878363,19.949937343260004,16.146206984923733,23.55419283269966,2
11504,13.987494414654828,15.687574701017365,6.832276341015489,3.1192947920964444,5.142956348249516,8.078366171448284,7.9498427657407165,8.486459803710849,20.162589119455863,48.21369100162318,12.544321424453376,8.689649014776144,8.249848483457136,31.6749112074525,8.79715863219483,14.062716664997556,2
499,18.054362353736007,13.482952198980756,3.9331920878594273,2.8583211855912904,3.2109188716004646,5.566866263886712,5.986651818838307,6.5749524713111045,18.092263539977523,5.8283788483591215,2.968164415931166,5.585696017507576,3.6193922141707713,4.71805044483418,6.476109943476871,14.204224723651762,2
8154,6.410928169929843,3.014962686336267,2.414539293529927,1.8814887722226776,1.7691806012954132,4.102438299353203,11.43153532995459,6.056401571890688,2.6267851073127395,2.004993765576342,2.027313493271329,1.9313207915827968,1.7549928774784245,9.176600677810928,17.02028201881508,4.090232267243512,2
11436,13.987494414654828,15.687574701017365,6.832276341015489,3.1192947920964444,5.142956348249516,8.078366171448284,7.9498427657407165,8.486459803710849,20.162589119455863,48.21369100162318,12.544321424453376,8.689649014776144,8.249848483457136,31.6749112074525,8.79715863219483,14.062716664997556,2
32365,5.317894320123332,9.49789450352024,3.2526911934581184,1.8110770276274832,1.816590212458495,2.435159132377184,4.2708313008125245,4.515528761950255,6.807348970047004,6.78527818147495,2.0371548787463363,1.6278820596099706,2.4392621835300936,9.521029356114813,3.950949253027682,2.16794833886788,2
6568,6.338769596696191,7.067531393633848,4.712748667179271,1.6792855623746663,1.493318452306808,1.9798989873223327,5.565968020030298,4.6508063816933936,4.941659640242335,30.73336948660202,10.397114984456024,2.5258661880630178,1.6278820596099706,7.758221445666526,3.64417343165772,2.147091055358389,2
42073,10.246462804304713,14.526527458412076,6.108191221630181,4.515528761950255,9.638464608017191,17.656443583009576,12.607934009979587,6.765352910233139,18.677258899528056,11.41052146047673,5.82494635168428,10.565983153497832,21.347365176995496,14.67174154625142,11.005453193758084,11.076551810017412,3
36377,2.638181191654584,13.959584521037868,2.2045407685048604,3.1480152477394387,3.566510900025402,13.282319074619462,8.794884877018005,9.022749026765624,30.278044851013743,12.507597691003657,3.5411862419251547,5.214403129793476,14.873802472804323,9.38669270829721,4.812483766206386,7.62102355330306,3
24775,18.036629396869028,19.8005050440639,5.473572873361603,4.342810150121693,7.672027111526653,11.698717878468564,13.183702059740275,16.191355718407276,23.20603369815704,9.232551110067032,4.283689998120779,6.034069936618235,5.574943945906542,9.091204540653566,8.3773504164503,12.615466697669175,3
2049,15.321553446044565,8.298795093265046,3.298484500494129,2.1656407827707715,2.563201123595259,5.548873759602033,8.04114419718985,6.123724356957945,14.865732407116711,5.773214009544423,2.209072203437452,1.8788294228055933,2.39165214862028,6.671581521648371,5.297169055259611,11.794066304714418,3
24073,23.20043103047872,22.156263222845137,6.603786792439623,5.36935750346352,8.983874442577656,10.693455942771728,13.414171610651175,17.394539373033137,20.45702813216035,10.445573225055677,4.813522618623496,5.854912467321779,6.511528238439882,7.683098333354845,7.6400261779656224,15.132085117392116,3
23921,21.324868112136123,21.91118435867856,7.372245248226622,7.847929663293371,15.765151442342695,15.271542161811947,12.817566071606574,18.570137317747545,32.14498405661449,15.690442951045071,7.507329751649384,8.676404785393544,8.522323626805074,10.645656391223604,10.202450685987166,18.861866291541777,3
37524,2.672077843177477,14.085808461000738,6.811020481543129,4.547526800360829,3.5341194094144583,10.327148686835104,2.2516660498395407,3.427827300200522,29.18527025744322,12.056533498481228,5.21344415909483,2.6758176320519302,13.381703927377858,2.9068883707497264,4.343961325794695,7.349829930005184,3
26406,10.460401521930216,12.796874618437112,3.841874542459709,3.6124783736376886,6.972804313904127,8.182297965730655,8.480566018845677,9.913626985114984,19.71927990571664,7.103520254071216,4.2,4.589117562233506,5.1903757089443925,6.334035048845246,4.308131845707603,10.214695296483397,3
1856,24.051611172642883,12.437845472588892,3.670149860700514,4.009987531152684,6.228161847608008,8.649855490122363,8.417838202293984,9.015542135667715,18.504323819042945,7.782030583337488,4.846648326421054,9.3552124508212,9.05704145954958,7.255342858886822,8.162107570964745,19.76840914186066,3
20672,22.08166660376884,8.782938005018593,3.327160951922825,3.88587184554509,21.68524844220144,13.492219980418344,22.1142488002645,9.784681905918044,32.430078630801994,13.819551367537224,4.136423575989287,10.711209082078456,18.44207146716442,12.190570126126175,12.351518125315607,14.548539445593844,3
14859,5.030904491242106,10.065783625729296,2.8722813232690143,1.849324200890693,1.5066519173319364,1.5132745950421556,1.493318452306808,1.918332609325088,20.23462379190678,10.626382263028184,3.989987468652001,5.791372894228103,4.471017781221631,2.1142374511865976,2.495996794869737,5.282991576748916,3
27936,2.8896366553599777,5.020956084253277,1.905255888325765,1.5264337522473748,2.211334438749598,1.5652475842498528,2.3345235059857505,1.949358868961793,9.37603327639146,4.08656334834051,1.9519221295943132,3.3896902513356584,2.172556098240043,1.797220075561143,2.6627053911388696,3.4263683398023628,3
6616,11.335342959081563,28.52244730032821,17.91479835220034,4.651881339845203,8.871865643707642,22.563687641872725,14.988995963706174,7.405403432629448,7.951729371652433,33.095014730318525,16.147755261955144,6.433506042586733,28.8738636140022,16.919219840169937,12.913171570144955,3.845776904605882,3
36696,2.3388031127053,19.879134790025446,6.148983655857284,4.064480286580315,3.906404996924922,11.60861748874516,3.6180105030251086,6.174139616173252,28.702264719007804,12.730278865759384,4.5420259796703055,4.507771067833858,20.181922604152454,4.052159917870962,3.6110940170535577,9.380298502713012,3
29975,5.706137047074843,3.392639090737475,1.8275666882497064,2.37065391822594,3.2186953878862163,3.293933818400121,1.94164878389476,3.260368077380221,16.467847461037522,5.857473858242988,2.630589287593181,3.7161808352124095,4.546427168667722,3.2280024783137944,2.8160255680657444,7.290404652692469,3
34643,3.095157508108432,22.578972518695355,4.764451699828638,4.54972526643093,4.3977266854592045,16.627988453207443,14.992998365904,11.2942463227964,47.42878872583612,22.76598339628666,5.896609195122228,5.787918451395113,22.728836309850973,13.802535998866295,8.411301920630361,13.440610105199838,3
27646,25.997115224578284,52.7439096010146,17.832834883999794,8.196340646898468,17.398850536745236,12.051555916146263,8.786922100485471,14.0360250783475,34.1666504065002,20.04844133592435,6.613622305514581,14.026047197981333,13.855323886506588,7.692853826766761,10.850345616615169,9.804080783020916,3
33046,5.143928459844674,43.16387378352411,8.298192574289898,8.247423840206103,8.12403840463596,25.27864711569826,17.46596690710251,19.62498407642666,44.05201470988586,37.18427086820448,10.116323442832382,11.156612389072231,26.51395858788348,12.547111221313056,17.32079674841778,28.385031266496785,3
4518,17.114029332684925,7.485318964479737,2.8530685235374214,2.364318083507378,2.569046515733026,6.216108107168021,7.952986860293433,6.826419266350405,11.84229707446997,5.033885179461287,3.984971769034255,7.1,3.3674916480965478,5.675385449465085,5.71314274283428,14.006427096158392,3
11123,20.600970850908944,32.492922306250016,14.394790724425278,6.126173356998641,10.973604694903129,10.523782589924592,16.604517457607734,10.013490899781155,21.90913051675032,17.24992753607968,5.670097000933935,8.026830009412185,7.954244150137711,20.36614838402195,5.830951894845301,8.705170877128145,3
42245,7.764019577512669,10.506188652408635,4.208325082500163,2.672077843177477,4.604345773288535,11.027239001672177,10.705138952858109,5.508175741568165,16.60150595578606,8.795453370918409,4.059556626036888,4.952776998815917,11.754148203932091,14.646159906268949,8.209750300709517,7.976841480184999,3
20556,14.146731071169762,3.756327994198589,2.351595203260969,2.220360331117452,11.163332835672328,6.17332973362026,10.830512453249844,6.395310782127793,14.707141122597552,8.050465825031493,2.5238858928247927,3.9331920878594273,8.244392033376384,2.785677655436824,4.946716082412655,7.918333157931662,3
39181,10.723339032223125,19.2803008275286,7.206247289678588,3.4525353003264136,5.135172830587107,8.328265125462805,9.402659198333204,8.248030067840443,19.69644637999454,11.25299960010663,3.997499218261337,4.3,8.663140308225419,9.848350115628506,9.284934033152847,8.758995376183275,3
26242,8.109253973085318,8.73212459828649,2.543619468395381,2.1633307652783933,4.029888335921977,4.666904755831214,6.019966777316965,8.16026960338934,17.265572680916208,7.770456872024965,3.2908965343808667,3.4655446902326914,4.092676385936225,4.358898943540674,4.059556626036888,6.056401571890688,3
12421,14.496896219536096,25.160683615514102,8.17251491280377,3.361547262794322,9.809179374443104,5.6098128311023,5.293392107146419,7.2876608044008195,35.18493996015909,20.490729611216874,8.539906322671227,14.338061235745927,10.215674231297706,19.043108989868223,12.360016181219182,12.024558203942464,3
5804,16.74902982264943,8.475848040166836,2.8231188426986207,3.478505426185217,4.957822102496216,10.624970588194586,9.526804291051644,6.994998213009064,19.82044399099072,6.926037828369117,5.606246516163912,12.24826518328208,5.654201977290871,7.140028011149536,9.777013859047148,21.99568139431011,3
18090,13.93341307792172,4.380639222761902,2.4186773244895647,2.495996794869737,9.692780818733084,7.99937497558403,22.959311836376976,8.037412518964047,17.087422274878094,6.9144775652250114,3.0789608636681307,4.949747468305833,8.683893136145793,7.684399781375251,12.341393762456493,8.4338603260903,3
2427,18.06349910731584,9.068627239003709,2.677685567799177,2.968164415931166,3.266496594212215,5.264028875300743,8.377947242612596,6.34744042902334,14.380194713563512,4.991993589739474,4.356604182158393,9.938309715439544,3.9749213828703582,7.185401867675878,5.897457079114693,14.487235761179564,3
745,14.313979181206042,5.571355310873647,2.435159132377184,1.9157244060668015,2.5475478405713994,6.214499175315739,5.773214009544423,5.447935388750494,11.65933102712158,3.077336510685824,2.12367605815953,2.640075756488817,3.1859064644147983,5.310367218940701,7.167286794875729,14.660491124106311,3
1829,24.051611172642883,12.437845472588892,3.670149860700514,4.009987531152684,6.228161847608008,8.649855490122363,8.417838202293984,9.015542135667715,18.504323819042945,7.782030583337488,4.846648326421054,9.3552124508212,9.05704145954958,7.255342858886822,8.162107570964745,19.76840914186066,3
18003,15.547347040572548,12.506398362438324,2.4899799195977463,1.8734993995195195,2.6210684844162317,2.749545416973504,17.635759127409287,7.677890335241837,18.353746211604868,5.957348403442592,2.211334438749598,2.582634314028992,4.885693400122444,5.134199061197374,8.842510955605313,8.193900170248599,3
34431,2.870540018881465,10.38941769301822,2.986636904613616,4.097560249709575,4.252058325093859,12.182774724995944,13.183702059740275,13.788763541376724,34.83317384333503,12.491997438360288,4.5661800227323495,7.33007503372237,17.564452738414595,12.148662477820348,10.39759587597056,16.511813952440235,3
12866,5.821511831131154,7.40472821918536,3.74299345444258,1.743559577416269,1.4422205101855958,1.4730919862656235,1.6492422502470645,3.2295510523910287,20.12436334396693,12.37618681177688,4.244997055358225,7.829431652425353,6.298412498399895,9.148770409186143,2.792848008753788,6.675327707311455,3
26939,16.617460696508356,34.5318693383373,9.73344748791506,5.950630218724736,16.943435306926396,8.62206471791995,5.89915248150105,10.29514448660144,26.20534296665472,12.833160171991931,4.515528761950255,9.410100955887774,8.925805285799148,5.438749856354859,6.760177512462229,7.109149034870488,3
42364,4.865182422068057,7.728518616138541,3.370459909270543,2.0542638584174138,2.6739483914241875,4.726520919238589,6.289674077406556,3.830143600441112,9.495261976375376,6.437390775772433,2.6095976701399777,2.4899799195977463,5.291502622129181,10.258654882585729,4.454211490264018,4.711687595755898,3
623,18.68475314260266,11.336225121265016,3.07408522978788,2.636285265292813,4.404543109109048,9.432921074619465,8.973850901368932,7.242927584892728,19.3731773336229,5.699122739510003,3.481379037105842,4.706378650300037,4.316248370981447,7.42630459919333,10.099504938362076,15.921683328090658,3
18637,11.999166637729472,17.885468962260955,2.973213749463701,2.3769728648009427,12.965724044572289,6.258594091327541,14.441606558828555,6.644546636152086,19.841118920060936,10.20930947713899,2.7640549922170505,5.527205442174192,9.17986928011505,6.9390201037322266,6.2944419927424855,7.609862022402246,3
42109,10.246462804304713,14.526527458412076,6.108191221630181,4.515528761950255,9.638464608017191,17.656443583009576,12.607934009979587,6.765352910233139,18.677258899528056,11.41052146047673,5.82494635168428,10.565983153497832,21.347365176995496,14.67174154625142,11.005453193758084,11.076551810017412,3
13881,10.51617801294748,7.463913182774837,3.397057550292605,1.8841443681416767,1.503329637837291,1.4594519519326423,1.7320508075688772,5.020956084253277,22.88886192015671,10.519505691808908,5.03189825016365,4.1400483088968905,3.5679125549822546,2.1,2.9782545223670858,6.251399843235113,3
15617,7.428324171709256,15.285614151874958,4.87134478352744,2.1142374511865976,2.80178514522438,1.8947295321496416,1.8681541692269408,2.7640549922170505,34.60462396848144,17.58408371226661,8.863972021616494,16.367956500430957,13.330791424367872,24.51917616886832,10.455142275454696,16.729614460590536,3
37882,3.057776970284131,23.72298463515921,4.533210782657255,7.406753674856482,5.79827560572969,15.794619336976757,8.410112960002381,15.1657508881031,27.87167020470786,17.692653842767623,4.917316341257699,5.55607775323564,15.572411502397436,9.577577981932594,6.367888189973187,15.50129026887762,3
34804,2.431049156228644,14.56399670420177,2.233830790368868,3.3689761055846037,2.968164415931166,8.388086790204307,6.357672530100933,6.855654600401044,20.320925175788627,11.25433249908674,3.4014702703389896,2.453568829277059,6.519202405202649,7.294518489934754,4.112177038990418,8.913472948295743,3
21032,14.039230748157108,20.91267558204832,3.1749015732775088,2.6476404589747453,16.922470268846684,8.386298349093002,6.232174580353154,5.972436688655645,15.252540771950096,7.971198153351853,2.939387691339814,5.763679380395825,11.771575935277315,2.137755832643195,1.9849433241279208,6.009991680526688,3
16158,19.80454493291881,12.326394444443192,5.238320341483518,4.588027898781785,11.682465493208186,13.058713566044704,13.254055982981209,9.563472172804184,30.38025674677553,14.506550244630873,4.915282290977803,9.32630687893123,9.413819628609843,23.554405108174564,6.57419196555744,9.66229786334493,3
17073,12.668859459319927,5.451605268175604,2.839013913315678,2.9832867780352594,12.939088066784304,8.774964387392123,20.228445318412387,7.835815209663893,27.253807073508096,11.07564896518484,4.160528812542944,7.694153624668538,15.86663165262243,11.106304515904467,13.682835963352042,6.441273166075167,3
35126,3.1749015732775088,15.800316452527143,3.3376638536557275,5.6964901474504455,4.442971978304612,15.1545372743611,6.260191690355815,5.410175597889592,24.646500765828808,10.746627377926528,4.558508528016593,5.170106381884226,18.912165396907884,5.257375771237967,4.698936049788292,10.200980345045274,3
698,18.68475314260266,11.336225121265016,3.07408522978788,2.636285265292813,4.404543109109048,9.432921074619465,8.973850901368932,7.242927584892728,19.3731773336229,5.699122739510003,3.481379037105842,4.706378650300037,4.316248370981447,7.42630459919333,10.099504938362076,15.921683328090658,3
21802,14.07444492688788,9.86508996411082,4.063249930782009,3.4,4.716990566028302,6.5612498809297,7.672678802087312,13.921206844235885,13.491108182799511,10.06628034578811,3.765634076752546,3.656501059756444,3.661966684720111,4.279018579066934,4.794788837894741,12.387090053761618,3
24949,16.782133356638543,14.424631711069784,4.150903516103452,4.669047011971501,8.777243302996677,10.617909398747006,11.067068265805538,16.98705389406886,18.61934477901948,9.578622030334008,4.7812132351527685,6.219324722186485,5.585696017507576,6.549809157525126,5.501817881391568,11.267652816802618,3
25197,18.31856981317046,20.524375751773796,6.700746227100382,3.744329045369811,3.668787265568828,5.469003565550127,7.414175611623992,15.023315213360863,17.400574703152767,8.753856293085923,3.5454195802471675,3.6193922141707713,3.351119216023208,4.848711168960263,3.9698866482558417,9.850380703302791,3
38467,3.087069808086626,23.35786805339905,4.076763422127902,4.744470465710584,3.5930488446443363,12.242548754242312,7.313002119512888,11.083320801997928,38.64259308069271,20.20272258879976,5.904235767650205,3.659234892706397,14.482403115505385,5.569560126257728,5.034878350069642,12.853404218338424,3
8043,8.828363381737297,19.61912332394085,7.114070564732964,2.3388031127053,2.1563858652847827,6.2904689809266205,8.934763567101259,6.623443213314356,6.552861970162351,24.833445189904683,10.831435731240804,3.1400636936215163,5.70087712549569,8.342062095189654,12.084287318663025,3.581898937714463,3
42873,6.1975801729384665,6.854195795277517,3.215587038162705,2.1702534414210706,3.40587727318528,8.676981041814026,9.5,6.26258732474047,13.613596145030892,7.467931440499437,3.127299154222378,3.698648401781386,9.346657156438338,13.482952198980756,6.503076195155644,6.236184731067546,3
31270,5.355371135598354,10.919706955774958,3.1654383582688825,1.9209372712298547,3.0,2.0420577856662137,2.649528259898354,3.167017524422623,11.384199576606166,4.9779513858614575,2.0591260281974,3.388214869219483,3.170173496829472,2.4372115213907883,4.214261501141095,4.948737212663449,3
9595,8.066597795849251,21.147103820618085,9.433981132056603,2.9933259094191533,1.7663521732655694,1.8384776310850235,4.0,6.435060217278467,4.77179211617606,14.311184437355282,5.228766584960549,1.992485884517128,2.8530685235374214,5.922837157984339,3.8948684188300895,2.345207879911715,3
21674,17.46024054817115,25.09442169088581,3.96232255123179,2.598076211353316,11.363538181394032,6.41482657598785,18.324300805214914,8.669486720677297,20.116411210750293,11.425410277097273,2.649528259898354,4.222558466143482,7.735631842325486,6.670082458260917,7.828154316312371,8.987213138676527,3
30391,5.76541412215983,10.67988763985839,3.1874754901018454,2.186321110907545,4.946716082412655,2.9899832775452104,2.4859605789312105,3.3823069050575527,15.927648916271352,7.321202087089251,2.937686164313676,5.200961449578338,5.00999001995014,2.4248711305964283,2.9949958263743874,5.2105661880452105,3
8031,8.828363381737297,19.61912332394085,7.114070564732964,2.3388031127053,2.1563858652847827,6.2904689809266205,8.934763567101259,6.623443213314356,6.552861970162351,24.833445189904683,10.831435731240804,3.1400636936215163,5.70087712549569,8.342062095189654,12.084287318663025,3.581898937714463,3
37056,4.084115571332427,42.86350428978013,7.797435475847171,7.055494312945054,6.511528238439882,19.54251774976807,18.796542235209117,15.826244026931974,45.24378410345447,32.49784608247137,8.698850498772812,8.736704184073076,26.76490239100453,19.3920086633644,11.9565881421081,17.672577627499617,3
41274,9.465727652959384,15.799367075930606,6.520736154760443,5.374941860150675,9.476813810558903,18.9844673351664,10.807404868885037,6.5749524713111045,16.897041161102734,10.209799214480174,5.766281297335398,10.8660020246639,19.13400114978569,17.843486206456404,8.246211251235321,9.158056562393574,3
22767,16.873648093995563,11.974556359214317,4.768647607026545,3.057776970284131,5.193264869039514,7.441773982055623,10.25329215423027,16.40426773739078,13.06330739131557,8.559205570612264,4.04103947023535,5.265928218272634,5.2105661880452105,6.144102863722254,6.696267617113283,13.230268326832984,3
40184,6.142475071174485,10.8397416943394,3.9319206502675,1.9026297590440449,1.7916472867168918,2.2671568097509267,4.178516483155236,4.341658669218482,6.54446330878247,5.81033561853358,1.7663521732655694,1.5652475842498528,1.8055470085267789,8.59534757877772,2.3065125189341598,2.085665361461421,3
9041,10.075217119248595,27.673091623452557,10.842970072816764,3.27566787083184,4.430575583375144,19.472801544718727,6.812488532100439,6.769047200308179,5.628498911788116,16.29662541755194,3.1368774282716245,3.2,14.819919028118878,11.96118723204348,4.893873721296862,3.24499614791759,3
32206,5.051732376126036,6.034069936618235,2.147091055358389,1.786057109949175,2.630589287593181,2.7730849247724096,1.835755975068582,2.725802634087802,10.133607452432722,4.874423042781577,2.559296778413945,2.725802634087802,3.776241517699841,2.8106938645110398,2.428991560298224,6.664082832618454,3
14984,5.215361924162119,10.759182125050213,3.83275357934736,1.740689518552921,1.5231546211727816,1.284523257866513,1.3038404810405295,2.0074859899884734,13.073637596323373,9.012213934433648,7.161703707917551,3.104834939252005,3.762977544445356,4.907137658554118,2.6627053911388696,4.2391036788453285,3
33736,2.8442925306655784,15.890877886385006,2.6758176320519302,3.411744421846396,2.443358344574124,6.166846844214635,11.894536560959406,16.292022587757483,32.69265972661142,12.80234353546256,3.481379037105842,2.5865034312755126,7.445132638173749,14.300349646075093,7.40472821918536,21.58286357275141,3
27768,12.311376852326468,29.42329009475317,9.50420959364849,5.06655701635736,10.684568311354464,7.179832867135557,5.835237784358063,7.457211275000863,23.733099249781937,12.618637010390623,4.589117562233506,8.422588675698226,8.987213138676527,6.884765791223402,7.993122043357026,6.80147042925278,3
37532,2.672077843177477,14.085808461000738,6.811020481543129,4.547526800360829,3.5341194094144583,10.327148686835104,2.2516660498395407,3.427827300200522,29.18527025744322,12.056533498481228,5.21344415909483,2.6758176320519302,13.381703927377858,2.9068883707497264,4.343961325794695,7.349829930005184,3
39471,12.10991329448729,18.83454273402994,7.23325652801005,2.896549671592048,2.6457513110645907,5.293392107146419,9.683491106000975,8.770974860299168,11.936079758446656,10.433120338613946,3.304542328371661,2.5317977802344327,5.193264869039514,15.538339679644023,6.2801273872430325,5.1000000000000005,3
38733,16.28987415543779,24.75479751482528,9.514725429564429,5.183628073077775,10.2810505299799,18.20604295282201,12.472770341828635,8.784645695758025,22.07260745811423,13.741906709041508,5.688585061331157,11.382881884654694,23.508721785754325,13.848465618977432,9.433451118228152,11.006361796706484,3
6968,13.714226190347016,18.90952141118331,11.433284742365162,3.461213659975356,9.889388252060892,21.13575170179665,12.84445405612866,7.285602240034794,11.870130580579136,31.086813924878182,13.962449641807128,5.692978130996113,25.375184728391638,17.173526137634052,14.472387501722029,4.413615298142783,3
27056,27.182715096178303,54.53164219056675,17.778357629432477,7.970570870395671,16.818144963104583,10.769401097554123,9.12962211704296,13.854963009694396,30.833747744962825,19.550447565209343,6.720119046564577,16.019051157918188,14.794255641971311,9.34237657130133,10.707940978544848,8.432674546073743,3
33256,4.244997055358225,50.35603240923574,9.67625960792702,8.296987405076615,6.918092222571191,24.34502002463748,22.60862667213557,18.74753317106013,32.978932669205655,34.011027623404736,8.426743143112883,13.026511428621248,25.943592657918447,16.916855499767088,16.3496177325343,23.943683927081896,3
28014,2.8635642126552705,5.32634959423431,1.9672315572906005,1.4628738838327795,1.8788294228055933,1.4352700094407325,1.8708286933869709,1.9519221295943132,8.35404093837228,4.294182110716778,1.7578395831246945,2.4576411454889016,2.137755832643195,1.857417562100671,2.569046515733026,3.003331483536241,3
33656,3.5637059362410923,31.504602838315545,5.535341001239219,4.413615298142783,4.291852746774987,12.043670536842164,11.240996397117115,9.688653157173086,27.91934812992596,18.13229163674575,5.019960159204453,3.9179076048319454,13.441354098453028,13.654669530969985,6.997142273814361,13.796013917070397,3
39656,12.515989773086266,18.274298892159997,6.820557161991974,4.410215414239989,7.582875444051551,13.214007719083565,12.177848742696716,8.974965180990955,22.968238939892625,16.961132037691353,6.495382975621991,8.217663901620703,15.488059917239474,17.672577627499617,13.070960178961606,12.810152223919902,3
11925,11.827933040053956,8.269220035771209,3.2295510523910287,2.1213203435596424,1.8275666882497064,1.4628738838327795,1.6340134638368191,4.353159771935784,19.67968495682794,10.122746662838106,4.113392760240627,7.771100308193171,6.369458375717672,10.893117092916976,3.5805027579936315,6.377303505401009,3
15986,5.574047003748713,10.99499886311954,3.461213659975356,1.9390719429665315,1.6492422502470645,1.3856406460551018,1.493318452306808,2.1633307652783933,15.436968614336172,8.702298546935747,2.723967694375247,6.273754856543249,4.272001872658765,11.881919036923287,2.86879765755621,4.8425200051213,3
9153,10.482366145102928,21.2143819141638,6.813956266369781,2.6057628441590768,5.014977567247933,21.319943714747467,7.504665215717488,5.85576638878294,7.744675590365293,9.73858305915188,2.882707061079915,3.508560958569767,22.98238455861358,11.429348187888932,4.379497688091638,3.7161808352124095,3
39636,12.515989773086266,18.274298892159997,6.820557161991974,4.410215414239989,7.582875444051551,13.214007719083565,12.177848742696716,8.974965180990955,22.968238939892625,16.961132037691353,6.495382975621991,8.217663901620703,15.488059917239474,17.672577627499617,13.070960178961606,12.810152223919902,3
6296,12.336125809993996,7.080960386840192,2.4228082879171438,2.12367605815953,2.3323807579381204,5.217278984298233,8.1117199162693,4.902040391510457,12.794920867281672,4.050925820105819,2.3685438564654024,2.7640549922170505,2.3685438564654024,6.249799996799898,5.657738063926254,14.876155417311288,3
29629,2.9698484809834995,5.76107628833363,1.9287301521985911,1.4,1.5132745950421556,1.3638181696985856,2.078460969082653,1.7691806012954132,7.25741000633146,2.8618176042508368,1.6401219466856725,1.4730919862656235,1.5066519173319364,1.688194301613413,2.179449471770337,2.533771891863985,3
1994,15.321553446044565,8.298795093265046,3.298484500494129,2.1656407827707715,2.563201123595259,5.548873759602033,8.04114419718985,6.123724356957945,14.865732407116711,5.773214009544423,2.209072203437452,1.8788294228055933,2.39165214862028,6.671581521648371,5.297169055259611,11.794066304714418,3
15453,14.399652773591452,20.50438977389964,8.992218858546538,3.5651086939951777,5.834380858325929,5.055689863905815,3.746998799039039,6.029925372672534,35.78700881604944,18.54508021012581,9.306449376641986,14.094679847375035,10.166612021711067,22.03724120664835,8.904493247793498,12.26906679417795,3
4578,17.114029332684925,7.485318964479737,2.8530685235374214,2.364318083507378,2.569046515733026,6.216108107168021,7.952986860293433,6.826419266350405,11.84229707446997,5.033885179461287,3.984971769034255,7.1,3.3674916480965478,5.675385449465085,5.71314274283428,14.006427096158392,3
4755,12.858460249967724,4.9779513858614575,2.177154105707724,2.8809720581775866,2.8930952282978866,4.828043081829324,7.684399781375251,6.080296045424104,13.07937307366068,4.215447781671599,4.430575583375144,9.823950325607312,3.678314831549904,7.469939758793239,5.976621118993574,12.869731931940152,3
24659,14.26148659852822,12.922074136917804,3.627671429443411,3.52845575287547,7.245688373094719,8.870174744614674,8.885381252371786,13.139254164525472,19.464069461446133,8.78635305459552,4.629254799641083,5.721887800367987,7.019971509913698,7.894935085230276,5.42125446737192,10.951712194903587,3
38909,10.564090116995406,17.49571376080439,6.8745908969188845,5.761944116355173,11.690594510117952,26.212401645022915,14.929835899968896,7.877182237323192,21.320881782890687,15.115554902152947,6.569627082262737,12.821856339859686,25.56188568944005,17.867848219637416,10.917417276993676,12.64199351368288,3
23557,12.721242077721811,13.919770113044253,4.633573135281238,3.4176014981270124,5.665686189686118,7.325981162956945,8.009993757800315,11.348568191626642,19.15071800220556,11.897058459972364,5.495452665613635,6.392964883369843,6.1163714733492105,8.165169930871004,5.375872022286245,7.842831121476478,3
22179,23.79033417167569,26.63475173527998,8.693675862372602,9.932270636667129,20.037215375395853,20.99285592767216,22.57786526667213,19.01341631585445,31.59319546991092,16.73290172086121,8.776673629570602,11.386395390991831,9.8254770876533,10.708407911543151,10.76057619275102,15.528039155025338,3
29196,3.286335345030997,6.332456079595025,2.0952326839756963,1.5198684153570663,2.4738633753705965,1.5811388300841898,1.8894443627691184,2.177154105707724,7.620367445208925,3.5425979167836705,1.9748417658131496,3.2908965343808667,2.6476404589747453,1.5427248620541512,1.8027756377319943,2.9137604568666933,3
40478,8.051086883148137,10.579697538209684,4.47548880012005,3.756327994198589,6.897100840208152,13.745180973708568,11.174972035759197,6.768308503607087,16.23329911016242,8.510581648747635,4.295346318982906,9.457272334029511,19.562208464281326,14.862032162527438,8.439194274336858,7.847929663293371,3
5256,9.926227883743149,3.911521443121589,2.3430749027719964,2.4228082879171438,2.6551836094703507,3.659234892706397,5.935486500700679,5.607138307550475,11.920989891783316,3.8600518131237567,2.7549954627911823,6.63023378170031,3.3136083051561784,4.751841748206688,5.050742519669757,13.692333621410194,3
30865,6.045659600076736,11.304866208850065,2.939387691339814,2.0223748416156684,2.7549954627911823,2.56124969497314,2.5377155080899043,3.281767816284388,14.696938456699067,5.565968020030298,2.487971060924946,3.477067730142742,4.6475800154489,3.220248437620924,3.746998799039039,7.807048097712733,3
4709,12.858460249967724,4.9779513858614575,2.177154105707724,2.8809720581775866,2.8930952282978866,4.828043081829324,7.684399781375251,6.080296045424104,13.07937307366068,4.215447781671599,4.430575583375144,9.823950325607312,3.678314831549904,7.469939758793239,5.976621118993574,12.869731931940152,3
33062,5.143928459844674,43.16387378352411,8.298192574289898,8.247423840206103,8.12403840463596,25.27864711569826,17.46596690710251,19.62498407642666,44.05201470988586,37.18427086820448,10.116323442832382,11.156612389072231,26.51395858788348,12.547111221313056,17.32079674841778,28.385031266496785,3
7568,9.806630410084802,13.909708839512062,9.505261700763423,2.9899832775452104,8.059776671843954,20.16531675922796,13.705473359209453,8.403570669661796,9.38829057922687,34.142641959871824,17.115782190715095,5.229722745997153,18.82365533046119,15.59583277673879,15.778149447891536,3.584689665786984,3
40380,12.911622671066562,23.466785037580244,8.243785538209979,5.519963767997033,9.82089608946149,19.9246079007844,12.249081598226049,8.706319543871567,17.406607940664372,14.921125962875587,5.893216439263028,12.4056438768812,26.33780552741629,17.632073048850494,8.955445270895245,7.404052944165108,3
14559,9.673158739522473,16.299386491521698,6.592419889539804,2.4859605789312105,5.022947341949744,6.898550572402873,3.907684736515984,3.3778691508109078,36.18659972973421,18.638401218988715,7.355270219373317,11.42628548566856,8.701149349367588,20.264994448555864,9.372833082905082,10.79907403437906,3
13122,15.915401345866211,11.628843450661806,5.678908345800274,5.33572862878164,11.816936997377958,13.567977004697497,11.996249413879324,8.879752248796134,25.774017925034503,12.2155638429014,4.495553358597805,6.862215385719105,6.014981296729027,16.951401122031182,4.807286136688766,7.931582439841371,3
34807,17.78004499431877,26.754438884043147,15.352849898308785,6.261788881781308,8.130190649671137,6.620422947214173,11.299557513460428,11.738824472663351,14.812494725737457,19.483326204732087,3.67967389859482,5.301886456724625,7.57495874576225,11.044002897500524,12.387493693237548,5.280151512977634,4
7276,9.162423260251623,34.31515700095222,11.873921003611231,3.3555923471125038,2.0174241001832014,2.004993765576342,3.2031234756093934,7.273926037567333,6.144916598294887,19.852959477115743,3.2726136343907144,1.9235384061671343,2.483948469674844,5.280151512977634,9.538343671728336,2.2605309110914638,4
16736,14.562966730718024,18.66788686488109,2.5019992006393608,2.039607805437114,10.686907878334123,5.0079936102195655,4.993996395673509,4.3,10.667239567948217,4.55411901469428,2.046948949045872,5.598214000911362,9.041017641836564,1.6492422502470645,1.9313207915827968,8.44630096551147,4
6065,11.22007130102122,51.29151976691664,20.836746387092205,5.31224999411737,3.60416425818802,9.38083151964686,9.590099061010788,7.99937497558403,9.22713389953782,33.47013594235912,7.137226352022191,2.692582403567252,6.1862751312886175,14.330736198814073,14.682302271782856,3.179622619116929,4
15223,34.51955967274206,51.1716718507418,8.795453370918409,6.3118935352238,26.422339033476955,27.43063980296486,31.043517841894143,13.76517344605581,25.70836439760414,15.862849680936902,4.613025037868319,12.433020550131817,21.161049123330347,18.631425066269085,20.60655235598619,18.48053029542172,4
18690,15.323185047502363,16.373454125504487,2.4819347291981715,2.3323807579381204,13.394775100762237,5.995831885568507,15.457684173251826,8.873556220591606,12.685424707119584,9.065870063044144,2.596150997149434,3.8768543949960255,5.531726674375733,4.57493169347915,7.8204859184068605,7.886063656856949,4
6913,11.1597491011223,51.77518710733936,23.81323161605749,6.498461356351979,4.706378650300037,14.220056258679149,9.845811292118086,9.017760254076396,12.54153100701824,38.11325228841013,8.79033560223954,2.6888659319497505,11.65761553663527,12.42215762257105,13.972830779766854,4.208325082500163,4
17568,17.787073958355265,32.21707621743475,3.778888725538237,3.605551275463989,17.26093856080833,10.009495491781792,16.425285385648557,6.884039511798287,10.175460677532,8.780091115700339,2.86879765755621,8.296384754819414,12.454316520789089,7.490660852021001,4.39089968002003,9.498947310097051,4
28174,5.850640990524029,60.336638951801085,21.091230405075944,12.93560976529518,10.460401521930216,27.599818839985165,18.25130132346732,17.25195641079585,53.50205603525905,47.06028049215177,15.952115847121974,11.435471131527551,33.56113824053052,17.24963767735427,12.76362017610991,25.66281356359821,4
25072,5.7306195127577615,10.6310864919819,3.333166662499792,1.8708286933869709,2.7294688127912363,1.8814887722226776,3.116087290176577,3.170173496829472,4.038564101261734,3.652396473549935,1.9748417658131496,2.7622454633866265,2.5179356624028344,2.6664583251946765,4.741307836451879,2.453568829277059,4
28056,6.131883886702357,50.53068374760033,11.957006314291217,10.548459603183774,8.32165848854662,29.72423253845253,11.919312060685382,12.805467582247829,56.02606536247214,39.25124201856548,11.69144986731757,9.23092628071528,35.89874649622184,11.428473213863697,10.045894683899489,22.983689869122408,4
1377,21.1615216844158,22.01953677986892,4.917316341257699,3.189043743820395,6.051446108162907,9.951884243699784,10.500952337764415,6.407807737440318,24.721448177645257,8.277680834629951,3.249615361854384,5.008991914547277,4.991993589739474,5.6674509261219015,5.544366510251645,17.067805951556867,4
23685,7.760798927945498,14.98666073546739,5.01098792654702,2.640075756488817,3.3689761055846037,4.10731055558257,3.765634076752546,4.559605246071199,6.456779382943171,5.616938667993447,2.1977260975835917,3.9089640571384128,3.866522985836241,3.5327043465311387,2.7367864366808017,3.522782990761708,4
236,34.48593916366495,36.3993131803335,8.490583018850943,5.413871073455665,5.209606511052442,14.86707772226943,17.717223258738937,7.760154637634485,36.500821908554336,14.143549766589716,4.611941023040083,6.351377803280167,6.805145112339633,10.02796090937734,11.026332119068426,24.16174662560635,4
18120,17.34301011935356,49.41396563725684,5.419409561935692,4.018706259482023,19.59132461065356,15.419792475905764,24.701416963405155,10.081170566953023,17.54166468725246,13.390294993016395,4.289522117905444,8.593602271457529,14.262187770464951,15.281688388394786,10.321337122679406,10.151847122568386,4
20575,10.909170454255449,11.667047612828192,4.224926034855522,2.4041630560342617,2.2891046284519194,4.765501022977542,6.476109943476871,9.637427042525406,9.996999549864949,3.760319135392633,1.9026297590440449,1.8439088914585773,2.3,2.5514701644346145,2.493992782667985,5.92452529743945,4
8404,14.733974345029925,55.817470383384446,28.73255992771963,7.771100308193171,5.137119815616529,13.35365118609888,10.173986436004324,9.66798841538404,15.203946855997623,49.05282866461423,10.829589096544709,3.146426544510455,13.03341858454642,13.938077342302272,15.89339485446706,3.4365680554879168,4
18410,24.96697819120288,62.20610902475737,8.709190547921201,6.358458932791813,19.561952867748147,19.252272593125205,35.32279717123207,11.931051923447487,23.554829653385312,22.079628620065147,6.966347680097513,9.52732911156112,17.238039331664144,22.25353904438573,18.6,13.303383028387929,4
635,2.467792535850613,3.171750305430741,1.7088007490635062,1.2688577540449522,1.3674794331177345,1.4832396974191326,2.1563858652847827,3.815756805667783,1.944222209522358,3.950949253027682,1.752141546793523,1.5556349186104046,1.5684387141358125,1.752141546793523,2.360084744241189,1.7146428199482249,4
12778,11.932309080810803,8.939239341241512,3.082207001484488,1.9026297590440449,4.259107887809371,3.588871688985272,2.56124969497314,4.946716082412655,45.61008660373273,46.74740634516529,8.573214099741124,11.315034246523515,27.444671613994583,34.486809072455515,11.929794633605391,10.824509226750193,4
33876,20.75813093705693,37.070473425625416,16.978515836197225,6.276145313805282,10.259142264341596,7.087312607751968,13.328915934913836,11.380246043034395,18.64215652761236,23.88137349483903,3.9597979746446654,6.410148204214939,7.903163923391695,14.765838953476363,12.82731460594929,4.583666654546336,4
24659,17.628386199536248,40.90794543850864,12.817175976009691,5.549774770204643,6.265780079128216,6.069596362197408,6.664833081180653,10.850345616615169,12.073524754602529,11.071133636624571,2.7892651361962706,5.781868210189506,5.911852501542981,6.836665854054885,6.200806399170999,5.21248501196886,4
12010,10.826818553942797,9.61717214153932,5.900847396772772,2.01246117974981,1.82208671582886,1.5264337522473748,1.7175564037317668,5.327288240746881,36.74193789118914,33.58853971222923,5.915234568468101,7.449161026585477,9.773944955850734,28.969294088741616,8.207923001588162,10.325211862233145,4
13935,25.98249410660955,40.06619522739837,16.764545922869488,7.070360669725414,7.652450587883597,7.859389289251424,12.733813254481158,10.99954544515363,4.221374183841086,4.604345773288535,3.315116890850155,1.7748239349298849,1.51657508881031,1.3711309200802089,1.697056274847714,2.559296778413945,4
19133,36.429520996027385,56.24944444170093,19.43656348226198,16.315330214249418,14.136477637657832,29.7205316237782,34.7522661131616,32.96816646403012,30.932183886689927,24.055560687707946,7.00713921654194,10.452750834110608,13.188252348207476,17.242969581832476,15.324490203592418,23.764258877566537,4
21372,10.35760590097924,21.850858106719745,6.402343321003647,4.833218389437829,4.655104724922953,8.53580693314932,12.23805540108395,9.065318527222306,13.0161438221925,11.567627241573788,4.024922359499621,4.060788100849391,4.71805044483418,9.773944955850734,7.890500617831545,8.681589716175258,4
19590,35.876175938915225,59.20802310498131,19.9205923606704,16.087883639559305,12.655038522264562,25.139809068487374,34.99657126062495,30.022658110167395,35.69341675995729,23.864408645512253,6.456004956627589,5.0990195135927845,8.595929269136642,20.897607518565373,15.054567413247051,26.95570440556136,4
32923,10.818502669038818,19.021829565002417,15.112246689357608,6.319018911191831,7.2876608044008195,7.109149034870488,11.54036394573412,16.224364394329907,11.081516141756056,17.576689108020314,3.3555923471125038,4.591296113299598,7.473285756613352,12.54033492375702,14.564683312726029,7.963667496825819,4
21970,15.195064988344075,12.8432861838394,4.21070065428546,2.5377155080899043,3.1937438845342623,8.699425268372618,11.788553770501284,10.657860948614408,14.207040508142432,6.021627686929839,2.5787593916455256,2.1400934559032696,3.798683982644516,8.893818077743664,5.511805511808268,13.675525584049778,4
24654,17.628386199536248,40.90794543850864,12.817175976009691,5.549774770204643,6.265780079128216,6.069596362197408,6.664833081180653,10.850345616615169,12.073524754602529,11.071133636624571,2.7892651361962706,5.781868210189506,5.911852501542981,6.836665854054885,6.200806399170999,5.21248501196886,4
18156,17.34301011935356,49.41396563725684,5.419409561935692,4.018706259482023,19.59132461065356,15.419792475905764,24.701416963405155,10.081170566953023,17.54166468725246,13.390294993016395,4.289522117905444,8.593602271457529,14.262187770464951,15.281688388394786,10.321337122679406,10.151847122568386,4
23763,3.8820097887563354,4.651881339845203,2.0024984394500787,1.6,2.896549671592048,2.264950330581225,2.039607805437114,2.3430749027719964,9.745255255764212,6.770524351924303,2.184032966784156,3.443835071544513,3.491418050019218,2.220360331117452,2.184032966784156,5.033885179461287,4
3666,38.16896645181789,29.83085650798515,7.92464510246358,6.228161847608008,10.043405796840034,27.061042108536764,17.03936618539551,10.327148686835104,32.94540939190163,14.137185009753534,4.43846820423443,6.5069193939989765,14.828351223247983,17.77216925420192,12.404031602668546,22.58871399615304,4
30297,7.004998215560087,64.97491823773231,23.32059175921572,11.959933110180842,9.897474425326898,25.010797668207225,14.9093930124603,17.6666352200978,63.34579701921825,54.07864643276494,17.71298958391835,10.178408519999577,24.576411454889016,25.025187311986297,15.88049117628293,25.722946954033084,4
13900,25.98249410660955,40.06619522739837,16.764545922869488,7.070360669725414,7.652450587883597,7.859389289251424,12.733813254481158,10.99954544515363,4.221374183841086,4.604345773288535,3.315116890850155,1.7748239349298849,1.51657508881031,1.3711309200802089,1.697056274847714,2.559296778413945,4
5603,12.57338458808924,45.3484288592229,18.64993297575088,6.532227797620044,3.168595903550972,5.204805471869242,7.274613391789285,9.038805230781334,10.901834707974617,41.445506390922525,8.958794561770016,2.431049156228644,4.053393639902248,7.765951326141569,10.432161808561062,2.9359836511806394,4
1742,28.64821111343604,21.89246445697697,4.843552415324934,4.441846462902562,14.371499573809269,12.84056073541962,13.442470011125186,8.543418519538886,29.11322723436892,10.997272389097215,3.5958309192730407,5.3282267219028885,7.254653678846427,8.250454532933322,12.307314898059609,20.10696396774013,4
10543,32.068988134956804,49.625295968890704,24.53670719554684,9.958413528268446,11.402631275280282,11.119802156513398,16.844880527923017,13.41081652995074,6.260191690355815,5.423098745182499,3.627671429443411,4.013726448077896,4.4821869662029945,2.0542638584174138,1.8083141320025125,2.282542442102665,4
7063,10.07620960480676,37.39879677208881,18.143869488066763,5.664803615307419,3.1937438845342623,5.050742519669757,5.423098745182499,8.146778504415105,9.244998647917695,30.607842132368628,6.202418882984283,2.364318083507378,5.591958512006325,6.058877783880444,11.789402020458883,3.4263683398023628,4
25621,7.776888838089432,18.83852435834612,4.9254441424099005,2.351595203260969,2.6870057685088806,3.120897306865447,4.262628297189424,4.295346318982906,6.661831579978587,6.420280367709809,2.2494443758403984,3.391164991562634,3.1906112267087634,3.973663297261105,6.075360071633615,2.8160255680657444,4
1192,27.824988769090275,27.9,4.867237409455183,3.994996871087636,5.974947698515862,17.325126262166172,17.570998833304838,6.662582082045969,22.572328191837013,9.482088377567464,3.419064199455752,4.341658669218482,7.6583287994183165,13.768805322176648,10.962207806824315,19.975484975339143,4
1014,36.08961069338377,26.385412636530816,7.321202087089251,6.20403094769844,6.765352910233139,14.165803895296587,17.90446871593793,6.814690014960328,24.432355596626373,10.49571341072154,3.427827300200522,4.789572005931219,8.18535277187245,13.57460864997588,10.32811696293182,20.07311634998413,4
20923,28.283210567402,57.52938379645657,18.59731163367437,15.811388300841896,12.644761761298628,19.54993606127652,29.413262314813025,25.032179289866075,29.245170541475733,24.166712643634423,6.975672010638115,9.130169768410662,12.140428328522844,18.348296923692946,12.989611233597408,18.207690682785667,4
17087,18.809306207300683,49.289045436080414,7.392563831310488,6.042350536008318,19.255129186790725,15.93643623900902,26.954776942130312,12.111151885762148,19.610201426808445,16.667633305301624,5.303772242470448,7.295889253545451,15.100993344810137,24.14062965210311,12.561448961007644,10.245974819410792,4
30588,2.5019992006393608,11.765627905046122,5.519963767997033,4.150903516103452,3.10322412983658,4.052159917870962,2.181742422927143,3.726929030716845,19.242660938653987,10.071246198956713,4.993996395673509,2.8035691537752374,7.256721022610694,2.328089345364563,4.946716082412655,7.856207736560942,4
29567,4.848711168960263,51.308771179984426,12.557467897629682,8.893818077743664,8.189627586160436,28.109606898709917,12.673594596640688,9.665402216152208,56.21645666528619,44.55681766015163,12.812884140582868,8.070315978944071,28.6043702954636,13.0621590864604,9.256889326334198,17.463676588851502,4
18337,21.68155898453799,53.1342638981665,9.70103087305674,7.783315488916019,21.23864402451343,19.084548724033272,33.47252604749155,12.807810117268293,20.916022566444127,16.829141392239833,6.122907805936653,10.134594219799824,20.52778604720928,24.11721376942204,19.56629755472404,12.024142381059866,4
3256,22.726416347501864,21.808943119738743,7.958643100428615,5.123475382979799,7.61511654539837,10.71167587261676,10.586784214292836,7.317786550590281,31.851216617265973,8.551608035919326,3.9698866482558417,6.511528238439882,6.296824596572466,7.0802542327235685,6.2136945531623935,18.404890654388577,4
31856,13.840158958624716,24.65664210714833,9.135644476444998,3.591656999213594,3.878143885933063,4.196427051671457,8.505292469985967,18.0321934328578,12.237238250520416,14.25622670975739,3.1240998703626617,2.569046515733026,4.539823785126467,10.780074211247342,7.952358140828418,4.769696007084728,4
453,32.78383748129556,37.46598457267606,11.646029366269005,7.5742986473996385,8.099382692526634,20.57692882818036,18.021098745637016,9.14713069765596,36.31528603770043,13.768805322176648,4.080441152620633,5.6956123463592565,8.718371407550839,15.132085117392116,11.0227038425243,23.57647132206175,4
16798,16.65923167496028,38.12190971082115,4.22729227756965,3.4292856398964493,13.12973724032587,12.463948010161149,23.187712263179392,7.8943017423962205,9.810708435174291,6.430396566309111,2.8442925306655784,5.656854249492381,10.912378292562993,15.924195427085165,5.6956123463592565,6.937578828380979,4
23484,16.95228598154243,35.50661910123238,11.024518130059018,4.982971001320397,6.7468511173732,6.407807737440318,6.4039050586341455,9.729337079164232,12.3,12.490796611905903,2.812472222085047,5.815496539419485,5.372150407425317,6.860757975617563,6.437390775772433,4.3,4
6307,13.972830779766854,45.120172872009256,25.946097972527586,8.15965685553014,3.8820097887563354,11.606463716395275,9.319871243745808,7.726577508832744,10.635788640246664,35.38940519421032,8.941476388158724,2.1047565179849186,5.132250968142536,13.83726851658231,11.12789288230256,3.488552708502481,4
21996,15.195064988344075,12.8432861838394,4.21070065428546,2.5377155080899043,3.1937438845342623,8.699425268372618,11.788553770501284,10.657860948614408,14.207040508142432,6.021627686929839,2.5787593916455256,2.1400934559032696,3.798683982644516,8.893818077743664,5.511805511808268,13.675525584049778,4
26308,4.293017586733136,47.38206411713192,8.590692637965812,12.057362895757928,7.681145747868608,23.98853893008076,9.874208829065749,15.97466744567786,43.38041032539918,34.713109915419565,9.08019823572151,7.37631344236401,22.35240479232604,11.52345434320803,10.241581909060727,19.26681084144441,4
22276,18.26061335223984,26.10823624835657,8.036168241145775,5.617828762075256,4.82078831727758,11.24544352171136,15.159815302304972,12.718883598806933,16.435327803241407,12.613484847574837,4.0274061131204535,4.662617290749907,6.095900261651268,11.45469336123844,11.748191350161097,18.890209104189395,4
24272,14.760758788084033,29.54894245146516,8.966604708583958,4.11703777004778,4.294182110716778,4.727578661429125,6.696267617113283,8.714929718592114,10.964944140304592,11.364418154925486,2.9342801502242417,4.928488612140643,5.111751167652823,4.454211490264018,5.251666402200353,4.173727350941841,4
14960,28.89377095499997,59.14287784678727,9.669539802906858,6.75869809948632,24.547301277329854,21.14237451186597,29.14498241550336,15.809490820390137,27.54015250502437,19.98274255451438,5.551576352712804,9.597395480024776,23.003260638439933,13.571293232407884,18.14524731162405,14.608216865860118,4
10239,12.294714311442949,24.7135590314305,9.282779756085995,4.03732584763727,6.938299503480662,3.629049462324811,4.5066617356975,4.215447781671599,1.5811388300841898,4.164132562731402,3.616628264005025,1.82208671582886,1.3820274961085253,1.3892443989449803,1.42828568570857,1.4866068747318506,4
34672,21.87715703650728,42.21634754452356,21.12368339092404,7.868926229162401,12.865457628860312,9.682458365518542,14.690813456034352,16.00249980471801,18.41276730966858,24.12529792562156,4.233202097703345,6.685805860178712,9.754486147409304,14.15521105459046,13.658696863171098,5.960704656330491,4
11432,45.929075758173056,64.04919983887386,36.8513229070545,14.421858410066298,11.559411749738825,11.388151737661383,19.360785108047654,16.768422704595682,2.4576411454889016,3.722902093797257,3.2726136343907144,1.7888543819998317,1.5748015748023625,1.4730919862656235,1.876166303929372,3.318132004607412,4
30263,7.004998215560087,64.97491823773231,23.32059175921572,11.959933110180842,9.897474425326898,25.010797668207225,14.9093930124603,17.6666352200978,63.34579701921825,54.07864643276494,17.71298958391835,10.178408519999577,24.576411454889016,25.025187311986297,15.88049117628293,25.722946954033084,4
17382,17.60454486773231,9.297849213662266,2.056696380120313,2.027313493271329,11.210709165793215,4.439594576084623,15.339165557487147,6.673829485385434,12.615863030328129,8.032434251209281,2.297825058615212,4.042276586281547,7.832624081366347,4.94064773081425,7.08660708661063,11.1584049039278,4
29804,3.858756276314947,45.91317893590031,11.44901742508937,7.0950687100267045,5.755866572463264,14.243946082459033,8.724677644474895,6.700746227100382,44.51673842500144,29.726251024977906,9.584362263604188,5.6,17.654744404833508,12.33288287465668,7.058328414008518,12.929810516786391,4
25287,16.947271166769003,40.41324040460008,11.885285019720817,4.748684028233506,5.261178575186362,5.591064299397745,7.2794230540613585,9.86863719061553,13.390668392578467,11.928118040998756,2.6888659319497505,4.905099387372289,4.881598098983569,6.457553716385176,7.5372408744845085,4.712748667179271,4
5623,12.57338458808924,45.3484288592229,18.64993297575088,6.532227797620044,3.168595903550972,5.204805471869242,7.274613391789285,9.038805230781334,10.901834707974617,41.445506390922525,8.958794561770016,2.431049156228644,4.053393639902248,7.765951326141569,10.432161808561062,2.9359836511806394,4
23996,14.077286670377925,28.85654171933983,8.839683252243827,4.192851058647325,5.722761571129799,4.632493928760188,6.102458520956943,8.056674251823763,10.28153685010174,8.477617589865682,2.244994432064365,4.602173399601541,5.021951811795888,5.01398045468867,6.100819617067858,4.241462012089699,4
34596,20.348710032825178,31.302555806195763,22.57609355047945,8.956003573022958,11.813974775662931,9.229842902238367,15.374979674783312,14.13329402510257,19.205988649377048,29.03687310989253,4.362338822237447,7.261542535852834,7.742092740338364,13.739723432442156,12.347874310989726,5.529918625079396,4
1516,16.965553336098413,12.310564568694646,3.028200785945344,2.1283796653792764,10.19901956072249,7.652450587883597,6.191930232165088,6.232174580353154,17.153425313913253,5.476312628037227,2.711088342345192,3.845776904605882,3.788139384975162,3.9357337308308855,4.797916214358063,13.485918581987658,4
7666,14.49310180741169,52.56748044180927,27.68067918241892,7.291090453423274,4.775981574503821,9.282779756085995,12.120231020900553,9.635351576356724,13.010380470993152,45.57773579281884,8.981647955692763,3.477067730142742,15.1657508881031,12.093800064495856,15.860643114325471,3.398529093593286,4
12452,36.22968396218769,55.18260595513771,28.561337503695444,11.442464769445436,10.894494022211402,26.84418000237668,20.14820091224028,15.974354447050436,12.129715577869089,7.071774883294857,4.0274061131204535,2.213594362117865,1.6583123951777,1.711724276862369,1.664331697709324,2.5787593916455256,4
8535,7.506663706334526,13.49629578810423,5.764546816532935,2.7477263328068173,2.073644135332772,1.676305461424021,3.031501278244824,6.844705983459042,7.126008700527947,15.690761613127645,8.830628516702534,2.6210684844162317,2.0248456731316584,5.275414675643991,13.219682295728592,2.8653097563788807,4
12059,10.826818553942797,9.61717214153932,5.900847396772772,2.01246117974981,1.82208671582886,1.5264337522473748,1.7175564037317668,5.327288240746881,36.74193789118914,33.58853971222923,5.915234568468101,7.449161026585477,9.773944955850734,28.969294088741616,8.207923001588162,10.325211862233145,4
27882,4.324349662087931,35.61502491926687,7.566372975210778,13.35102992281869,8.534049449118513,23.07899477880265,11.680753400359071,17.924843095547587,35.6262543638817,21.55875692149248,6.636264009214823,10.356640381899917,25.38011032284927,8.750999942863672,11.092790451459903,19.83582617387035,4
23776,3.8820097887563354,4.651881339845203,2.0024984394500787,1.6,2.896549671592048,2.264950330581225,2.039607805437114,2.3430749027719964,9.745255255764212,6.770524351924303,2.184032966784156,3.443835071544513,3.491418050019218,2.220360331117452,2.184032966784156,5.033885179461287,4
10052,13.921925154230646,13.828593565507663,4.316248370981447,2.4617067250182343,6.894200461257274,3.062678566222711,4.075536774462966,7.239475119095306,51.77876012420537,52.339182263386576,9.961425600786264,12.083459769453448,16.697904060090895,42.00702322231367,13.532922818075924,20.16928357676593,4
12541,36.22968396218769,55.18260595513771,28.561337503695444,11.442464769445436,10.894494022211402,26.84418000237668,20.14820091224028,15.974354447050436,12.129715577869089,7.071774883294857,4.0274061131204535,2.213594362117865,1.6583123951777,1.711724276862369,1.664331697709324,2.5787593916455256,4
20081,11.379806676741042,27.493453766305898,8.636550237218563,6.2833112289620034,5.5,12.373358476985947,19.488201558891987,11.354294341789805,13.892443989449804,13.75281789307195,4.818713521262703,3.694590640382233,6.38200595424354,10.453229166147654,8.860586888011426,10.322305943925514,4
5404,15.508707231745657,58.25821830437316,23.244354153213205,7.903163923391695,4.317406628984581,14.802702455970667,16.735292050036055,10.14494948237792,14.731598691248688,49.66286338905561,10.224480426897006,2.882707061079915,6.345864795282043,19.78989641205835,14.94556790490077,3.97994974842648,4
23244,6.399218702310463,12.33369368842927,3.4307433596816885,1.8027756377319943,1.9467922333931784,1.5874507866387544,2.7092434368288134,3.249615361854384,5.301886456724625,3.5832945734337835,1.94164878389476,2.677685567799177,2.188606862823929,2.395829710142188,3.8052595180880897,2.6172504656604803,4
28512,3.003331483536241,26.147275192646745,4.71805044483418,3.3896902513356584,3.4219877264537346,9.01665126307988,4.791659420284375,14.098226838861686,24.736410410566847,13.998214171814915,5.157518783291051,3.7669616403674726,14.576350709282485,12.437443467208205,6.766830868286867,11.050791826833043,4
31459,8.661985915481507,17.172070346932543,9.51367436903324,4.024922359499621,3.9496835316263,4.146082488325576,9.893937537704591,7.725283166331186,7.519973404208288,11.630133275246676,2.7640549922170505,2.584569596664017,4.698936049788292,10.646595700034824,9.340770846134705,2.6324893162176366,4
11028,10.428326807307103,12.392336341465237,4.8425200051213,2.073644135332772,4.330127018922194,1.9519221295943132,1.933907960581372,4.592385001282014,55.150521303066576,52.99103697796449,7.02993598832877,11.722201158485552,17.59232787325202,36.77879824029056,11.13597772986279,17.76119365358083,4
12047,10.826818553942797,9.61717214153932,5.900847396772772,2.01246117974981,1.82208671582886,1.5264337522473748,1.7175564037317668,5.327288240746881,36.74193789118914,33.58853971222923,5.915234568468101,7.449161026585477,9.773944955850734,28.969294088741616,8.207923001588162,10.325211862233145,4
22702,14.6102703602637,17.314733610425545,6.288083968904996,2.98496231131986,4.006245124802026,9.556673061269803,12.471166745737946,12.115692303785202,17.582377541163197,10.595753866525968,4.5628938186199335,3.0919249667480613,3.996248240537617,7.8204859184068605,6.928203230275509,14.396874660842194,4
2768,21.06157638924494,16.611441839888553,4.4294469180700204,3.9534794801541593,7.734339015067803,7.9012657213892,13.245376551838758,5.631163290120435,22.08098729676733,9.486305919587457,3.7161808352124095,5.520869496736904,5.692099788303083,8.766983517721474,7.242237223399963,15.692036196746423,4
18011,16.837458240482736,5.316013544000805,2.6419689627245813,2.2671568097509267,10.380269746013347,4.878524367060187,10.12669738858627,7.209715667070373,13.730622709840947,6.711184694225007,4.330127018922194,4.912229636326054,7.258098924649622,4.545327270945404,4.2731721238443,10.0024996875781,4
26037,4.652956049652737,8.838551917593742,2.817800560721074,1.8,2.227105745132009,2.3769728648009427,2.130727575266252,2.792848008753788,6.168468205316454,7.397972695272672,2.9748949561287032,2.576819745345025,2.756809750418044,3.026549190084311,1.760681686165901,3.7403208418530087,4
31918,13.840158958624716,24.65664210714833,9.135644476444998,3.591656999213594,3.878143885933063,4.196427051671457,8.505292469985967,18.0321934328578,12.237238250520416,14.25622670975739,3.1240998703626617,2.569046515733026,4.539823785126467,10.780074211247342,7.952358140828418,4.769696007084728,4
21571,30.01266399372105,61.09140692437849,16.189502771858066,12.42095004417939,11.124747188138704,24.086095574002854,28.574639105332547,21.95836970268968,28.58845920996793,24.93471475674025,6.88113362753551,8.561541917201597,14.59623239058628,21.98635940759634,14.98365776437783,20.12958022413781,4
33864,20.75813093705693,37.070473425625416,16.978515836197225,6.276145313805282,10.259142264341596,7.087312607751968,13.328915934913836,11.380246043034395,18.64215652761236,23.88137349483903,3.9597979746446654,6.410148204214939,7.903163923391695,14.765838953476363,12.82731460594929,4.583666654546336,4
798,22.09298531208492,14.172861390700186,4.044749683231337,3.2186953878862163,4.914264950122246,7.433034373659253,10.894035065117055,6.794850991743675,16.76186147180557,6.091797764207213,3.508560958569767,5.005996404313531,4.5661800227323495,5.814636704042653,8.983317872590282,16.322683602888343,4
15861,24.62092605894425,64.85414404646784,8.896066546513689,6.435060217278467,16.66373307515456,22.647957965344247,37.69827582264208,15.255163060419903,28.51069974588488,20.92343184088117,5.986651818838307,8.364209466530593,15.876397576276553,24.790724071716824,21.64024029441448,13.005767951182277,4
15677,22.071474803465215,52.18486370586782,9.365361712181755,7.827515570089912,17.88295277631745,19.478963011413107,31.158145002551095,14.0356688476182,23.49446743384493,16.581616326522575,5.615158056546584,8.524083528450435,18.776048572583104,29.00948120873588,23.125743231299616,12.525973016097392,4
15248,34.51955967274206,51.1716718507418,8.795453370918409,6.3118935352238,26.422339033476955,27.43063980296486,31.043517841894143,13.76517344605581,25.70836439760414,15.862849680936902,4.613025037868319,12.433020550131817,21.161049123330347,18.631425066269085,20.60655235598619,18.48053029542172,4
5581,12.57338458808924,45.3484288592229,18.64993297575088,6.532227797620044,3.168595903550972,5.204805471869242,7.274613391789285,9.038805230781334,10.901834707974617,41.445506390922525,8.958794561770016,2.431049156228644,4.053393639902248,7.765951326141569,10.432161808561062,2.9359836511806394,4
20239,22.64287967551831,57.08003153467945,15.431461369552787,12.484790747145103,10.607073111843814,23.356155505562125,26.798693998029083,19.55198199671839,22.53486188109437,20.795672626775023,6.662582082045969,4.985980344927164,10.329085148259743,17.25630319622369,11.816513868311583,16.769317219254933,4
34257,14.669696656713798,20.7371647049446,10.460401521930216,4.023679907746142,4.507771067833858,4.741307836451879,9.203803561571704,11.043097391583578,9.055937278934744,9.698453484963466,2.487971060924946,2.979932885150268,5.1788029504896205,14.143196244130957,9.341841360245848,4.467661580737736,4
16355,20.096765908971523,61.166412351878215,10.520931517693668,8.00187478032492,22.95517370877424,20.27856010667424,33.09350389426904,13.439866070761273,26.272989932628526,21.81834090851089,7.077428911688199,8.729833904490967,21.203301629699087,25.088443554752452,23.25532197154019,11.664475984801031,4
7871,9.848350115628506,30.28002642006773,14.702380759591284,4.839421453025144,2.727636339397171,2.8407745422683583,5.440588203494177,8.1590440616533,7.939143530633515,31.06106888051343,7.59012516365837,2.7386127875258306,5.417564028232615,7.048404074682439,16.199382704288457,2.951270912674741,4
11060,7.657675887630659,5.843800133474792,4.355456348076514,1.8110770276274832,1.6583123951777,1.6613247725836149,1.6,3.668787265568828,33.8976400358491,20.59393114487858,7.2725511342306834,8.054812226240907,7.05620294492725,17.72455923288362,4.6946778377222005,10.452750834110608,5
27019,4.104875150354759,6.442825467137846,2.555386467836128,1.7578395831246945,4.394314508543967,14.83408237809134,10.219099764656375,2.9933259094191533,6.745368781616021,4.0853396431631,2.0976176963403037,2.1656407827707715,11.67176079261394,18.85072942885765,3.737646318206152,4.353159771935784,5
13087,22.14362210660216,28.667403091316103,13.323287882501075,5.160426338976267,9.81580358401695,36.54066228190179,23.350160599019443,8.977750274985375,24.50979396078229,15.415252187363008,4.324349662087931,8.286132994346639,15.888675212238432,27.165971361245305,4.838388161361178,9.57444515363684,5
3525,19.72257589667232,14.461673485458036,3.0805843601498726,1.9748417658131496,7.025667228100119,7.344385610791416,8.364209466530593,6.20966987850401,22.042459027975983,5.690342696182718,2.353720459187964,2.9120439557122078,3.334666400106613,5.120546845796843,4.259107887809371,11.500869532344066,5
36358,35.07107069936702,42.77522647514564,31.89184848828929,12.621410380777576,27.24298074734114,35.50661910123238,37.89736138572183,33.6058030703032,30.14349017615578,38.558137921844725,8.651589449343975,13.700364958642524,31.375468123997766,44.20610817522846,11.956169955299227,12.99807678081646,5
34524,2.9410882339705484,20.778354121537152,3.351119216023208,3.461213659975356,3.8704004960727256,14.403818938045562,3.753664875824692,6.236184731067546,34.104838366425376,17.141178489240463,4.4034077712608,5.350700888668698,19.958456854175875,6.53299318842443,4.617358552246079,11.549458861782226,5
33399,3.3226495451672298,40.34947335467961,6.608328079022711,4.058324777540605,4.730750469005948,16.786303941010956,7.29314746868593,6.926037828369117,33.45085948073682,22.734775125344875,5.761944116355173,5.041825066382213,20.83266665599966,28.274900530329017,8.99499861033897,13.060627856270925,5
37570,14.968299836654795,13.223463993976768,13.25631924781536,5.977457653551382,17.261807553092464,31.168092658999846,22.85366491396949,20.1,17.447635943015317,18.46916348944911,5.408326913195984,10.23132444994293,18.32102617213348,38.65695280282707,11.68289347721702,11.830046491878212,5
31671,2.487971060924946,18.45941494197473,3.093541659651604,2.98496231131986,3.4842502780368694,9.600520819205592,2.72213151776324,3.9179076048319454,28.479992977527225,14.488616221019866,3.717526059088221,4.43846820423443,19.269665279915998,5.612486080160912,3.9862262855989496,10.422571659624126,5
2109,10.494760597555334,17.365483005087995,3.0512292604784714,5.903388857258177,23.276168069508348,30.86794453798309,9.064215354899728,5.523585791856591,22.632056910497557,8.957678270623477,8.147392220827472,25.776345745663797,46.42068504449283,20.05342863452532,10.646595700034824,28.96238940419109,5
2021,16.89822475883192,14.58115221784616,4.028647415696738,6.815423684555495,31.03353025358217,42.59248760051472,9.798469268207151,7.269112738154499,21.59675901611165,8.108020720249794,8.103085831953157,26.345777650318087,53.36693733014853,20.40441128775834,12.317061337835415,31.18172541730172,5
34137,3.57211421989835,34.66785254381932,7.301369734508724,4.611941023040083,4.823898838076935,26.922852746319435,8.500588214941365,8.906177631284926,51.08649528006399,25.974795475614435,7.40742870367309,5.957348403442592,38.81752181682906,53.9949071672505,12.397177098033245,19.141316569139125,5
17074,19.68984509842573,18.90846371337449,3.031501278244824,2.4413111231467406,16.56743794314619,27.82193379332213,35.87743023127493,10.209799214480174,23.401709339276906,7.487990384609211,3.22490309931942,6.345076831686122,24.41065341198388,41.760747119753496,9.046546302318914,14.000357138301863,5
1939,27.04348350342463,16.5924681708298,6.182232606429492,6.0909769331364245,21.267816060893512,25.5522993094555,12.17251001231874,9.619771307052993,24.998599960797804,6.656575696257048,5.3516352641038605,15.7359461107364,33.30660595137247,12.180722474467595,10.422571659624126,28.238803090782724,5
20426,17.914519251154914,19.663926362758787,7.321202087089251,6.360031446463139,19.802777582955372,44.07629748515635,22.097737440742662,11.243220179290272,16.886385048316292,10.696728471827262,4.657252408878008,9.256889326334198,20.838665984174707,23.249731181241643,11.280070921762858,11.379367293483412,5
11512,14.517231140957977,16.023732399163436,6.786751800382861,3.2619012860600183,7.397972695272672,16.045871743224176,8.028075734570521,7.0306471963824215,32.83900120283807,18.806913622388976,5.954829972383762,9.322553298319082,35.17143727515269,52.42308651729694,9.063663718386731,12.498399897586893,5
7519,9.564517760974674,17.85189065617421,6.43117407632541,2.714774392099645,3.856163896931768,22.36336289559332,21.385742914381066,8.141867107733951,12.39475695606816,18.56932955170972,7.035623639735144,4.10731055558257,9.84428768372806,28.6180013278356,5.975784467331465,4.805205510693585,5
8739,8.229216244576394,15.187824070616568,4.387482193696061,3.130495168499705,3.598610843089316,8.047981113297919,3.756327994198589,7.008566187174092,14.816207341961707,20.881091925471715,7.9328431221095,3.521363372331802,9.613532129243652,4.063249930782009,1.9026297590440449,2.903446228191595,5
10778,13.35102992281869,10.983168941612432,5.252618394667558,2.6627053911388696,6.357672530100933,2.9410882339705484,3.487119154832538,5.796550698475776,26.322233947748437,16.60632409656032,5.361902647381804,9.38083151964686,11.072488428533129,18.19587865424476,4.6946778377222005,8.744712688247683,5
34164,3.1921779399024737,30.97240707468504,5.961543424315552,4.58257569495584,4.958830507286975,13.61396341995967,5.183628073077775,9.405317644821997,39.4248652502453,23.83023289856816,5.951470406546604,4.778074926160116,21.222393832930347,41.857974150692,8.12465383877984,16.95228598154243,5
39140,14.504137340772804,9.692264957170744,6.727555276621664,3.997499218261337,15.837929157563496,22.20360331117452,16.04961058717625,13.527010016999322,18.35728738130991,11.418844074598796,4.684015371452148,8.2,14.63693957082559,26.0714403131089,10.74057726567804,11.49521639639724,5
18964,25.006999020274304,32.67521996865515,5.032891812864648,3.3226495451672298,21.402336321065512,42.088121839778026,45.50087911238639,12.692517480783708,33.09199298924137,8.565628990331067,3.608323710533743,11.105404089901455,31.55138665732459,64.47294006015237,14.009282636880448,19.53458471531965,5
14451,14.273752134600068,18.47187050625897,8.13572369245662,3.3466401061363023,7.602631123499285,12.674383614203888,7.301369734508724,6.003332407921453,42.58626539155553,25.11453762265991,6.660330322138685,11.61464592658769,33.63985731242034,61.47682490174651,11.762652762026091,17.459381432341754,5
23238,33.40928014788705,34.562985982116764,12.635268101627286,8.78122998218359,16.596385148579795,43.46941453481977,25.90038609750828,19.793938466106237,25.31422524984717,12.5777581468241,4.483302354291979,7.028513356322232,15.95587666034054,20.640978658968667,11.788553770501284,21.185608322632607,5
29603,2.9223278392404914,21.73867521262508,4.2731721238443,4.768647607026545,5.8275209137333865,25.36907566309817,4.595650117230423,4.988987873306569,27.416418438592597,15.746428166412851,5.722761571129799,5.21344415909483,20.838905921376966,4.5265881191025095,5.62672195865408,14.51895313030523,5
17415,12.645157175772866,12.337341690980274,2.293468988235943,1.9849433241279208,9.034378783292189,16.614752480852673,20.26252698949467,4.924428900898052,18.910843450253616,6.039867548216599,2.297825058615212,4.076763422127902,15.250901612691624,23.463588813308164,2.428991560298224,6.782329983125268,5
39461,12.794920867281672,16.783325057925797,6.039867548216599,2.592296279363144,4.975942121849892,3.817066936798463,4.546427168667722,15.78100123566309,8.430895563343197,7.5683551713698,2.603843313258308,2.619160170741759,3.581898937714463,2.541653005427767,4.823898838076935,6.352952069707436,5
16477,13.191664034533323,5.984145720150872,2.04939015319192,2.224859546128699,10.992724866929036,4.895916665957459,14.670719137111172,5.8898217290508885,15.049252473129688,4.568369512200168,2.1633307652783933,3.928103868280471,8.572047596694736,4.419275958796871,5.959865770300536,9.325770745627407,5
28672,5.317894320123332,8.360621986431392,2.9342801502242417,1.8138357147217052,2.435159132377184,1.697056274847714,1.746424919657298,3.257299494980466,11.632712495372694,6.912307863514182,2.4515301344262523,2.9664793948382653,2.2693611435820435,1.8520259177452132,2.4576411454889016,6.396092557178953,5
12902,9.43610088966836,4.144876355212541,3.0643106892089125,1.797220075561143,1.3820274961085253,1.4422205101855958,1.57797338380595,3.345145736735546,28.337783964170523,14.955935276671934,4.78330429724056,6.332456079595025,4.127953488110059,9.768827974736784,3.255764119219941,6.293647591023825,5
6667,8.725823743349393,19.543796969882795,7.230490993010087,4.586937976471886,5.339475629684998,6.830812543175226,3.0133038346638727,6.36553218513582,8.986100377805714,14.597945060863877,4.449719092257398,3.40440890610984,15.201973556088038,3.9862262855989496,1.8867962264113207,3.331666249791536,5
26299,4.243819034784589,6.224146527838174,2.1702534414210706,1.688194301613413,4.332435804486894,16.21172415260018,11.77879450538127,2.9916550603303182,11.83469475736489,17.683325479106017,4.3,4.439594576084623,6.367102951892642,4.190465367951393,2.3108440016582685,2.8035691537752374,5
13457,13.45250905965129,14.189432687743368,5.793099343184096,2.749545416973504,8.2365041127896,3.687817782917155,3.7483329627982624,5.64889369699944,32.23817612707022,20.811054754625005,6.067124524847006,12.181953866272847,37.596941364956805,60.26375361691304,13.203029955279204,12.240506525466992,5
21051,20.03147523274309,17.71327186038762,5.993329625508679,4.548626166217664,12.541929676090518,33.441889898748244,16.130406070524078,11.571084650973736,18.24417715327277,10.12916580968048,5.004997502496879,7.184705978674423,19.24447972796355,20.316741864777438,9.711333585043818,14.964959071110083,5
34671,2.39165214862028,18.481341942618776,2.340939982143925,2.224859546128699,2.805352027821108,10.774042880924505,2.2847319317591723,4.765501022977542,27.8583919133894,13.9312598138144,2.8930952282978866,2.3727621035409343,11.894116192470964,3.27414110874898,3.398529093593286,9.743715923609432,5
12176,11.231206524679347,4.328972164382672,3.366006535941367,1.6093476939431082,1.452583904633395,1.6340134638368191,1.7549928774784245,5.639148871948674,14.128340313002091,7.25741000633146,4.208325082500163,3.283291031876401,2.603843313258308,5.8360945845659495,2.3323807579381204,4.525483399593904,5
33047,3.312099032335839,40.22623522031362,8.901685233707154,5.838664230798,6.174139616173252,16.863273703525067,5.524490926773253,7.59802605944465,32.01562118716424,19.29740915252615,7.548509786706248,5.083306010855534,21.95586482013405,23.62265861413571,6.352164985262899,16.569852141766383,5
22097,20.780519724010755,26.54693955995681,5.96322060635023,3.683748091278773,3.789459064299283,7.79615289742319,9.242294087508794,10.12768482921936,22.865694828716663,8.425556361451747,2.4596747752497685,6.319018911191831,3.1859064644147983,5.682429058070149,4.578209256903839,12.135897165022453,5
581,19.154633904097462,17.426416728633573,3.1016124838541645,2.8,6.210475022089695,6.81322243875833,7.352550577860719,6.328506932918696,22.743350676626346,6.6513156593263565,3.0919249667480613,4.655104724922953,6.739436178197699,4.457577817604534,6.390618123468183,15.685981002156034,5
22905,21.40654105641544,26.2484285243898,6.941901756723441,3.60416425818802,2.8861739379323623,7.0164093381159,8.847598544237865,10.122746662838106,14.28355697996826,6.5375836514724615,2.1095023109728985,1.918332609325088,2.118962010041709,4.666904755831214,3.609709129556009,8.325863318599458,5
38773,10.894035065117055,12.372954376380768,6.655824516917495,3.2,6.673829485385434,6.755738301621815,10.727534665523107,16.701496938897424,8.99944442729661,8.83742043811428,3.1559467676119,4.2485291572496005,6.927481504847198,11.144056711987783,7.9012657213892,6.588626564011653,5
11156,5.13322510708424,3.127299154222378,3.0215889859476257,1.6217274740226857,1.2922847983320085,1.2609520212918492,1.5329709716755893,3.336165463522456,16.248384535085325,9.052623929005335,3.9153543900903776,6.245798587850876,4.070626487409524,11.453383779477576,3.3256578296631782,6.298412498399895,5
9733,8.977750274985375,19.873600579663464,6.248999919987197,3.427827300200522,6.390618123468183,29.21865842231638,19.781557067126947,6.953416426476988,11.950732195141851,15.351547153300215,5.2583267300539625,5.322593352868505,16.195987157317703,33.61458016992032,6.33798075099633,4.0024992192379,5
28238,6.135144660071187,12.1309521472966,3.388214869219483,2.2293496809607958,7.032069396699666,25.751310646256435,15.671311368229526,4.012480529547776,7.67984374841051,5.2345009313209605,2.842534080710379,3.420526275297414,20.775706967513766,33.181470732925625,5.503635162326805,5.523585791856591,5
20991,14.264291079475347,14.712239802287074,3.7,3.117691453623979,8.886506625215558,22.68369458443664,10.59764124699454,8.446892919884801,13.744817205041324,7.832624081366347,2.9597297173897483,3.584689665786984,11.305750749065716,10.485227703774488,5.586591089385369,11.650321883965264,5
4004,13.475162336684482,14.89194413097229,4.422668877499196,6.614378277661476,26.16658174083883,38.63689946152512,8.361817984146748,5.64889369699944,23.65396372703738,8.303613671167511,6.694774081326419,21.4191503099446,48.40506171879135,18.07180123839348,10.72706856508338,28.98913589605596,5
34834,2.2671568097509267,13.31277581873893,2.2516660498395407,2.355843797877949,2.3065125189341598,7.57957782465488,2.1977260975835917,4.304648650006177,24.92649193127665,10.662082348209472,2.6851443164195103,2.677685567799177,8.976636341080104,3.257299494980466,2.947880594596735,9.23092628071528,5
35006,16.47057983193063,27.61014306373656,12.204507364084796,4.654030511288038,9.194019795497503,8.02122185206219,12.41491039033307,16.399695119117307,15.697452022541748,15.553456207544354,7.590783885739338,6.246599074696567,9.716995420396165,13.494813818649,9.591663046625438,10.57402477772773,5
9181,12.475576139000555,25.147763320025103,5.88387627334226,2.6,11.817360111293892,31.68059342878539,19.60357110324545,8.562125904236634,10.768008172359457,26.70131082924582,5.172040216394301,5.995831885568507,23.206249158362493,39.97349121605468,7.165193647069143,5.391660226683428,5
849,21.23487697162383,11.413150310059006,2.98496231131986,2.297825058615212,5.383307533477908,6.315061361538778,8.656211642514293,6.797058187186572,23.148002073613178,5.683308895353129,2.615339366124404,4.421538193886829,3.383784863137726,5.054700782440045,7.057619995437555,13.369741957120938,5
12326,16.796725871431015,16.39573115173581,6.045659600076736,2.8896366553599777,11.492606318846914,17.60568090134545,10.09554357129917,8.095060222135473,29.63292088201904,17.828909108523717,4.5902069670114,9.80612053770501,31.164242329952447,46.96807426326952,8.55219270129012,10.832358930537708,5
27736,6.7446274915669,5.638262143604179,2.2045407685048604,1.6309506430300091,2.760434748368452,8.237718130647588,4.770744176750625,3.789459064299283,5.670097000933935,4.219004621945797,2.0976176963403037,2.056696380120313,6.47533782902483,8.841379982785492,2.870540018881465,7.960527620704547,5
9433,8.757282683572571,19.43270439233819,5.785326265648291,4.613025037868319,2.493992782667985,10.457533169921096,7.343704787094863,6.743886120034946,10.439827584783188,22.95539152356152,4.54972526643093,2.9274562336608896,5.086255990411808,15.725775020646836,3.370459909270543,4.036087214122113,5
3768,23.531255810092244,14.95392924953171,5.240229002629561,3.690528417449187,3.753664875824692,11.740528097151335,8.545759182190896,9.174420962654809,24.721043667288807,6.982836100038436,3.782856063875548,3.315116890850155,6.956292115775472,9.923708984044222,10.63014581273465,22.660979678734105,5
31861,3.981205847478877,39.87317393937934,8.412490713219242,5.548873759602033,6.082762530298219,17.704236781064584,5.533534132902769,13.585286158193355,30.222839045993016,17.930421077041107,8.896628574915331,5.964897316802696,22.51199680170553,5.776677245614471,6.032412452742269,16.501212076693033,5
17468,12.645157175772866,12.337341690980274,2.293468988235943,1.9849433241279208,9.034378783292189,16.614752480852673,20.26252698949467,4.924428900898052,18.910843450253616,6.039867548216599,2.297825058615212,4.076763422127902,15.250901612691624,23.463588813308164,2.428991560298224,6.782329983125268,5
20622,28.966359798911565,33.383528872783955,11.708970919769166,7.761443164772902,14.82902559172382,43.89339358035558,24.210328374476877,15.446035089951078,17.41034175425629,10.972693379476162,3.920459156782532,6.528399497579786,13.888484438555562,19.32588937151406,11.37453295744489,11.41402645870422,5
15477,11.06480908104609,8.55102333057278,2.831960451701259,1.9570385790780929,4.02119385257662,2.073644135332772,2.0223748416156684,5.277309920783504,28.94097441345056,14.145317246354002,5.192301994298868,6.961321713582845,7.617742447733449,6.419501538281613,4.323193264243457,8.420213774008355,5
32190,3.903844259188627,55.598381271400335,13.399253710561643,6.42339474110069,6.546754921333164,23.283470531688355,8.127115109311545,11.914696806885184,41.03547245981213,31.02837411144838,6.8753181744556375,6.707458535093601,37.54597182122205,67.71358800122765,15.89528231897754,18.96549498431296,5
36640,31.084883786174917,45.13269325001556,23.85791273351464,10.069260151570225,25.13921239816395,20.66373635139589,36.43624569024641,50.804625773643885,19.186192952224783,25.37695805253261,5.395368384086484,12.663727729227285,21.206131188880256,17.27281100458174,20.888752954640445,12.471968569556292,5
12425,13.287211897158862,13.108775686539152,4.904079934095692,2.944486372867092,7.794228634059948,3.6386810797320495,3.770941526992961,5.951470406546604,46.5353628974783,30.265491900843116,8.48174510345601,18.35701500789276,48.3801612233775,64.7017774098981,17.898323943878097,16.597288935244816,5
19547,16.877203559831823,12.703149215844078,2.445403852127497,2.186321110907545,12.250714264890844,15.89465318904442,22.917024239634607,7.334166619323561,19.54533192350542,5.791372894228103,2.570992026436488,6.014981296729027,18.063222303896943,23.682060721145024,3.765634076752546,8.276472678623424,5
1692,20.516091245653985,14.383323677092164,3.7841775856849,2.80178514522438,8.648699324175862,15.432757368662283,9.288164511893616,6.587867636800241,19.323301995259506,6.539877674696982,3.160696125855821,7.035623639735144,18.543732094699816,7.184010022264724,6.56810474946921,17.31935333665781,5
8844,6.842514157822401,7.473954776421918,3.1096623610932426,2.2045407685048604,2.7422618401604177,11.193301568348812,12.791403363196704,5.8,5.823229344616267,3.8704004960727256,2.1748563170931545,2.04939015319192,4.162931659299729,16.974687036879352,3.2046840717924128,2.939387691339814,5
22886,21.40654105641544,26.2484285243898,6.941901756723441,3.60416425818802,2.8861739379323623,7.0164093381159,8.847598544237865,10.122746662838106,14.28355697996826,6.5375836514724615,2.1095023109728985,1.918332609325088,2.118962010041709,4.666904755831214,3.609709129556009,8.325863318599458,5
12099,9.688653157173086,3.5777087639996634,2.9120439557122078,1.6552945357246849,1.5264337522473748,1.47648230602334,1.7088007490635062,4.15571895103603,16.736487086602136,9.259589623736032,4.047221268969612,7.467931440499437,5.537147279962851,12.358397954427588,3.439476704383968,6.392964883369843,5
23823,18.99236688777889,19.515890960957943,6.148170459575759,5.214403129793476,11.960769206033532,31.91958646348665,16.705687654209267,12.886426967938007,17.863090438107285,9.158602513484247,4.090232267243512,6.442049363362563,16.464203594465175,16.679628293220446,8.995554457619608,16.36276260293475,5
36882,32.31098884280702,48.23411655664484,30.07174753817942,11.746063170271135,35.23975028288368,44.39448163905059,37.91134394874442,35.47633013714919,27.34776042018797,34.66770831768376,8.388086790204307,23.209265391218224,41.20982892466311,53.37368265353253,14.861359291801003,13.543633190543812,5
21694,30.07789886278628,33.94849039353591,10.69579356569675,8.70574522944475,22.686339501999875,56.45228073337693,32.5266044953973,17.845727780059853,23.915685229572663,15.348615572747924,5.951470406546604,10.275212893171606,28.00714194629648,34.225429142671096,17.661823235442032,20.38676040963841,5
18690,21.55597365001173,15.14463601411404,3.1416556144810017,2.619160170741759,16.0,11.021796586763884,9.910095862301231,8.114801291467339,20.123866427702207,8.539320816083677,2.771281292110204,7.495998932764064,9.877246579892596,3.336165463522456,3.03315017762062,12.441061047997474,5
5271,11.05667219374799,15.244999180059011,2.9782545223670858,4.27551166528639,16.906507622806078,22.007044326760465,9.514199913813036,4.882622246293481,18.253492816444748,6.958448102845922,4.5431266766402185,14.240435386602476,31.95481184422778,11.395174417269796,6.840321629865075,19.5762611343433,5
6067,4.9668903752750575,2.3086792761230392,1.3341664064126333,1.2529964086141667,2.1095023109728985,1.8841443681416767,2.4392621835300936,3.492849839314596,2.567099530598687,1.378404875209022,1.3341664064126333,1.3638181696985856,1.7748239349298849,1.7748239349298849,2.9916550603303182,1.9313207915827968,5
3161,13.24235628579748,14.810131667206743,3.562302626111375,3.3436506994600976,11.102702373746672,15.326773959317077,7.485318964479737,5.473572873361603,16.483931569865245,6.589385403814228,3.4322004603461025,8.73155198117723,21.4951157242756,8.874683092933516,7.315736463268753,17.807021087200408,5
6161,12.689759650994183,25.02199032850904,9.27200086281273,3.9382737335030433,3.694590640382233,24.64873221891949,15.748650735856708,7.710382610480495,15.93047394147456,12.528766898621749,4.773887304912004,3.327160951922825,9.29569792968769,24.399795081106728,4.756048780237646,4.202380277890139,5
31487,2.9017236257093817,28.017137612539937,4.902040391510457,3.608323710533743,4.659399102888698,20.275601100830524,3.661966684720111,4.804164859785725,27.906630036606,16.33860459158003,5.016971197844373,5.205766033928148,22.881870552907166,7.723988606931007,5.226853738148792,13.456596895203482,5
26237,4.93051721424842,8.09814793641114,2.6551836094703507,2.078460969082653,5.709640969448079,20.944689064295037,12.774192733789482,3.651027252705737,18.40461898546123,30.95722855812516,5.671860364994893,4.178516483155236,6.579513659838392,4.1303752856126765,2.1447610589527217,3.122498999199199,5
21957,22.1054291973714,24.98679651335881,8.40119039184329,5.948949487094339,9.433451118228152,23.266499521844707,16.26530048907797,13.37123778862675,22.06830306117804,10.963119993870356,3.4525353003264136,5.706137047074843,10.131633629380802,12.382649151130789,8.23407554009556,16.88875365442933,5
35979,27.37955441565841,31.983276880269788,21.947665023869853,8.898314447129861,20.057168294652165,22.901964981197573,39.78730953457396,54.58589561416026,24.641834347304584,26.424988174074933,7.174259543674176,12.924395537122807,16.83686431613678,30.183107858535703,19.77776529337933,16.133815419794537,5
7805,10.145442326483357,19.489997434581667,8.912350980521358,2.925747767665559,6.967783004657938,22.67994708988537,21.60879450594133,7.374957626996917,14.158389738949836,13.940229553346674,4.06201920231798,4.012480529547776,16.038703189472646,41.03998050681798,6.241794613730894,3.934463114581201,5
14114,23.16354895088401,36.89661231061735,13.12059449872604,5.906775770248943,12.981910491141123,39.4035531392792,25.592967784139454,11.363098169073432,2.979932885150268,4.427188724235731,3.336165463522456,1.7776388834631178,1.4247806848775006,1.3601470508735445,1.664331697709324,2.3086792761230392,5
10631,15.029970059850418,15.11985449665439,5.377731863899501,3.1096623610932426,8.773254812211942,4.211887937730538,4.277849927241488,6.904346457123947,40.5458999160211,27.592390255285967,6.967783004657938,14.278305221559036,39.4319667275169,63.561938296436495,14.918109799837245,12.599206324209474,5
36363,35.07107069936702,42.77522647514564,31.89184848828929,12.621410380777576,27.24298074734114,35.50661910123238,37.89736138572183,33.6058030703032,30.14349017615578,38.558137921844725,8.651589449343975,13.700364958642524,31.375468123997766,44.20610817522846,11.956169955299227,12.99807678081646,5
18688,21.55597365001173,15.14463601411404,3.1416556144810017,2.619160170741759,16.0,11.021796586763884,9.910095862301231,8.114801291467339,20.123866427702207,8.539320816083677,2.771281292110204,7.495998932764064,9.877246579892596,3.336165463522456,3.03315017762062,12.441061047997474,5
4032,13.475162336684482,14.89194413097229,4.422668877499196,6.614378277661476,26.16658174083883,38.63689946152512,8.361817984146748,5.64889369699944,23.65396372703738,8.303613671167511,6.694774081326419,21.4191503099446,48.40506171879135,18.07180123839348,10.72706856508338,28.98913589605596,5
25439,5.032891812864648,7.787810988975015,2.882707061079915,2.3043437243605824,6.687301398920195,26.017494114537627,15.620819440733577,3.753664875824692,6.762396025078685,5.154609587543949,2.8495613697550013,3.318132004607412,17.696892382562538,29.53370955366088,5.886425061104575,4.47213595499958,5
26768,4.644351407893248,6.833008122342604,2.395829710142188,1.8841443681416767,6.027437266367855,20.30911125578862,12.724778976469493,3.63318042491699,5.120546845796843,4.817675788178362,2.664582518894845,3.152776554086889,13.784774209249855,21.423585134145966,4.340506882842141,5.052722038663912,5
2621,17.163333009645882,9.57026645397086,2.3302360395462087,1.972308292331602,4.535416188179426,4.873397172404482,5.228766584960549,5.357238094391549,14.072668545801823,4.331281565541543,1.8520259177452132,2.340939982143925,2.2869193252058544,3.0016662039607267,3.824918299781056,9.16951470907812,5
11199,4.862098312457287,3.3075670817082456,2.929163703175362,1.760681686165901,1.61245154965971,1.452583904633395,1.6522711641858303,3.652396473549935,17.640578221815748,8.402975663418287,2.824889378365107,5.359104402789705,3.896151947755632,10.9233694435371,2.6627053911388696,5.6559702969517085,5
24749,9.135097153287424,19.871587757398757,4.883646178829912,3.7,12.970350804816343,40.05109236962208,29.834543737084367,6.8249542123006215,9.624448036121343,7.247758274114831,2.9949958263743874,5.822370651203855,33.23567360532956,43.565353206418514,12.46755790040696,5.532630477449222,5
27471,5.250714237130031,6.679820356865894,2.4657656011875906,1.994993734326,6.767569726275452,23.57901609482465,14.028542333400146,3.4014702703389896,7.074602462329597,4.864154602806124,2.91032644217105,3.5114099732158874,15.648961626893971,25.1073694360839,4.843552415324934,5.244044240850758,5
8991,13.88128236151113,22.44838524259596,8.594184079946158,3.3778691508109078,11.27741105041401,36.36179313510267,28.91055170694603,7.963039620647382,15.829087149927505,27.87776892077269,6.646803743153547,7.369531871157082,23.60105929826032,50.41894485210892,10.157263410978372,6.009991680526688,5
21641,26.23680620807342,22.05311769342376,6.793379129711516,5.8326666285670745,13.369741957120938,33.752185114448515,17.009703113223345,16.725130791715802,19.655279189062668,12.04616121426241,4.633573135281238,6.086049621881176,16.486964547787444,19.684257669518555,10.179390944452424,19.35251921585404,5
33384,3.3226495451672298,40.34947335467961,6.608328079022711,4.058324777540605,4.730750469005948,16.786303941010956,7.29314746868593,6.926037828369117,33.45085948073682,22.734775125344875,5.761944116355173,5.041825066382213,20.83266665599966,28.274900530329017,8.99499861033897,13.060627856270925,5
22665,26.656518902512385,28.751521698859698,7.993122043357026,4.296510211788167,6.251399843235113,18.161497735594384,14.158036587041297,12.86429166336025,18.48053029542172,8.796021828076599,3.0919249667480613,3.7403208418530087,6.388270501473776,8.57146428563988,7.731106001084192,17.630087918101825,5
15329,16.111486585663037,12.74323349860623,4.295346318982906,2.6476404589747453,6.8898476035395735,2.9120439557122078,3.2093613071762426,7.6583287994183165,19.47408534437497,11.627123461974591,3.983716857408418,6.736467917239716,10.486658190291127,22.207431188680964,5.244997616777343,7.528612089887485,5
11224,4.862098312457287,3.3075670817082456,2.929163703175362,1.760681686165901,1.61245154965971,1.452583904633395,1.6522711641858303,3.652396473549935,17.640578221815748,8.402975663418287,2.824889378365107,5.359104402789705,3.896151947755632,10.9233694435371,2.6627053911388696,5.6559702969517085,5
11772,10.803240254664338,12.650691680694775,4.389760813529594,2.3473389188611,5.8,3.4132096331752027,3.3823069050575527,4.927473997901968,20.60242704149198,12.381841543163118,4.358898943540674,7.95989949685296,16.047741274085894,37.41550480749926,5.7306195127577615,8.259539938761723,5
18191,9.54567965102538,12.450301201175815,3.111269837220809,2.297825058615212,11.262770529492288,13.828955130450025,17.6737092880923,4.973932046178355,19.798232244319188,5.016971197844373,2.549509756796392,6.118006211176971,16.894673716884856,18.89259114044445,2.29128784747792,6.319810123729984,5
20947,14.264291079475347,14.712239802287074,3.7,3.117691453623979,8.886506625215558,22.68369458443664,10.59764124699454,8.446892919884801,13.744817205041324,7.832624081366347,2.9597297173897483,3.584689665786984,11.305750749065716,10.485227703774488,5.586591089385369,11.650321883965264,5
26493,4.313930922024598,7.364781055808788,2.4186773244895647,1.997498435543818,3.0083217912982647,2.2,2.3151673805580453,2.714774392099645,3.004995840263344,2.0615528128088303,3.840572873934304,6.318227599572526,15.484508387417408,9.684523736353793,3.0099833886584824,3.584689665786984,5
23629,11.904200939164292,28.294169010592977,9.54829827770373,4.68187996428785,11.935660853090624,8.014362108115655,4.266145801540309,6.942621983083913,32.73484382122511,17.324549056180366,6.3921827257987545,11.283616441549224,11.484772527133485,4.569463863518345,4.830113870293329,10.883473710171767,6
23921,10.877499712709715,27.07858932810201,7.468600939935136,3.5832945734337835,6.104916051838878,11.238772174930856,7.776245880886226,6.207253821135399,24.251804056605767,11.45076416663971,3.3166247903554,5.023942674832188,6.512296062065975,6.739436178197699,3.762977544445356,8.361817984146748,6
22566,13.334916572667412,9.362157870918436,5.3637673327615545,2.7622454633866265,2.487971060924946,4.215447781671599,6.43117407632541,10.0637965003273,8.963258336118624,5.388877434122992,2.2847319317591723,2.227105745132009,2.118962010041709,3.439476704383968,3.893584466786357,15.794302770302968,6
5449,8.00312438988674,27.62607463973121,6.094259594077036,4.194043395102153,11.319010557464818,19.64051934140236,6.886944169949397,8.096295449154509,25.02938273309991,48.97999591670053,12.535549449465709,8.1590440616533,29.03050120132272,9.28924108848511,5.281098370604358,5.73410847473258,6
1874,41.20145628494216,16.26622267153625,5.497272050753901,3.40587727318528,5.830094338859364,12.426986762687084,12.877499757328671,13.968178120284692,28.043715873614182,6.732013071882734,3.754996671103717,5.286775955154521,5.425863986500215,9.21737489744233,8.901123524589467,17.1516763029157,6
29204,3.641428291206625,34.99271352724735,8.072174428244226,5.861740355901138,7.51065909225016,30.126400382388866,6.910137480542627,13.399253710561643,38.94342049692092,29.291807728441757,10.521881960942158,9.73858305915188,35.443758265737,9.00721932674008,11.246777316191514,27.07360338041466,6
32615,3.97994974842648,27.994642344563005,5.793099343184096,10.36677384724872,6.920982589199311,23.312871980946493,5.644466316668034,17.087422274878094,33.30570521697447,17.026450011673013,6.708203932499369,8.257118141337207,27.171492413925296,5.207686626516615,7.576938695805846,19.92109434744989,6
36189,20.26450098077917,29.882770955853477,9.409038208021052,4.064480286580315,5.049752469181039,5.628498911788116,7.700649323271382,15.24959015842721,21.72556098240043,14.460636223901078,5.659505278732409,4.1436698710201325,6.885491994040804,8.376753547765388,8.044874144447506,10.345047124107266,6
17811,39.08836143918033,21.07201936217789,7.843468620451031,5.005996404313531,19.55326059765992,33.96660124298573,25.8859034997815,12.775758294520134,40.49518489894817,17.02175079126704,5.7,9.327915093953203,12.687395319765203,13.37647188162858,24.05659992600783,23.800630243756157,6
12072,2.0074859899884734,2.9748949561287032,2.7838821814150108,1.5,1.407124727947029,1.3114877048604,1.2806248474865698,2.149418526020468,15.97466744567786,9.724710792614864,6.830080526611674,3.782856063875548,2.85482048472404,6.847627326307997,3.5510561809129406,5.917769850205397,6
6673,10.790736768172968,34.562985982116764,9.903029839397638,5.361902647381804,11.451637437502114,23.02911201067032,6.552861970162351,6.293647591023825,31.66275414426231,63.612891775174,14.368368035375486,9.633275663033835,26.49245175516981,10.13903348450926,4.47548880012005,6.382789358893179,6
5612,12.386282735348807,31.947300355429096,15.141664373509274,5.748043145279966,9.269304181005174,20.567693113229787,15.78416928444446,7.798717843338096,26.336476605650954,35.01770980518286,8.609878047916823,6.587108622149782,21.003333068825054,19.428329830430613,3.889730067755345,6.452906321960671,6
33586,2.664582518894845,17.584936735740623,4.658325879540846,2.649528259898354,2.8,5.830094338859364,3.598610843089316,11.435471131527551,45.13313638558703,10.6803557993168,3.402939905434711,2.771281292110204,14.610612581271193,4.237924020083418,7.628892449104261,8.89325587172662,6
21609,31.91049983939456,41.70179852236591,13.679181262049276,6.640030120413612,6.944062211702888,10.74569681314339,14.5547243189282,19.447364860052375,30.709607617161115,11.82201336490532,5.990826320300064,8.43741666625514,9.568176419778222,10.40096149401583,12.151954575293638,25.655019002136797,6
35202,24.54852337718096,40.9557077829208,16.83330033000065,6.928924880528003,14.119844191774922,12.315031465652046,14.222868908908636,19.09528737673251,28.030162325609176,19.590558950678258,7.340299721401028,9.85291834940288,14.66731059192516,16.585234396896535,9.113725912051558,13.51776608763445,6
36619,9.628603221651622,15.463505424062165,5.894913061275798,2.6324893162176366,3.146426544510455,4.042276586281547,6.582552696332935,9.913626985114984,11.38727359818846,8.798295289429651,2.787471972953271,2.443358344574124,6.486139067272609,17.774701122663075,7.308214556237385,5.389805191284746,6
19718,23.706539182259394,35.47435693567961,9.25040539652182,5.130302135352264,5.662155066756826,11.764777940955792,11.863810517704673,12.69488085804668,42.64692251499515,18.95257238477141,7.450503338701353,6.17980582219215,6.302380502635492,11.077905939300985,13.751363568752009,28.908130344247446,6
27619,8.304817878797824,20.77546630042272,5.298112871579842,2.692582403567252,5.935486500700679,8.678709581498852,5.632051136131489,4.964876634922564,13.498148021117563,7.66550715869472,2.8879058156387303,5.606246516163912,7.514652353901676,6.997142273814361,3.477067730142742,5.502726596879042,6
16012,22.046768470685222,24.029148965371203,3.8288379438153295,3.168595903550972,22.18693309134906,13.655035701161678,16.935760980835788,9.069178573608529,27.718225051398942,9.440868604106296,3.656501059756444,8.316249154516717,13.557654664432192,15.108606818631555,11.641735265844178,12.71927670899568,6
1199,51.69700184730252,21.44294755857972,8.012490249604053,5.16817182376902,6.899275324264136,10.31600697944704,13.487401528834232,20.25240726432293,36.38942153978269,7.107742257566745,5.2668776329054765,10.133607452432722,6.988562083862459,10.445573225055677,10.36243214694311,22.32957679849755,6
30621,2.7549954627911823,9.830564581955606,5.576737397439475,3.878143885933063,3.778888725538237,11.3198939924365,3.641428291206625,9.6,24.578242410717657,9.840731680114036,3.7960505792204615,3.608323710533743,16.66283289239858,2.9171904291629644,10.509519494249012,9.728309205612248,6
7370,9.105492847726586,39.64870741903196,17.29537510434509,5.485435260760991,15.531580730885056,34.31122265381984,10.381714694596456,7.076015828133795,23.600211863455804,61.08444973968416,19.885421795878507,11.00954131651269,32.18213790288023,11.536897329871667,11.44071676076285,7.251896303726357,6
24752,7.920858539325141,20.955428890862624,6.089334939055331,2.961418578992169,5.390732788777422,11.56027681329474,7.26842486375143,4.3335897360040905,16.703891762101428,8.4581321815162,2.875760768909681,4.777028364998475,7.796794213008318,8.828363381737297,3.642801120017397,7.019971509913698,6
12216,16.29539812339668,23.1984913302568,6.783804242458652,3.521363372331802,8.185963596303125,5.334791467339656,5.645352070508977,6.4621977685614045,1.7549928774784245,4.534313619501853,3.280243893371345,1.8547236990991407,1.4212670403551897,1.42828568570857,1.4142135623730951,1.5588457268119895,6
516,48.56325771609644,21.01737376553027,8.456358554366059,5.109794516416487,6.88113362753551,8.150460109711599,14.380890097626086,17.45050142546053,35.29787529016442,7.828154316312371,3.973663297261105,6.325345840347388,5.016971197844373,10.621675950620975,8.645808232895291,20.676556773312136,6
19146,48.23857377659501,62.15424362020666,20.441624201613728,10.09108517454887,10.28153685010174,16.933103672983286,24.33392693339897,24.659278172728413,38.21805855874942,16.53148511174964,6.396874236687791,6.356886030125127,8.889881888979177,12.39072233568326,14.92849624041216,26.057244673986546,6
5783,8.663140308225419,17.5874955579241,4.553020975132884,2.186321110907545,1.7888543819998317,3.083828789021855,1.9261360284258224,7.035623639735144,8.653900854527974,18.45806056984319,7.299315036357863,3.0099833886584824,5.298112871579842,1.7291616465790582,2.3,2.9359836511806394,6
3588,41.48734746883681,17.49714262386862,6.174949392505173,4.219004621945797,7.049822692805827,9.547250913221042,12.800390619039716,16.993233947662816,28.063143088399773,9.134002408582996,3.756327994198589,5.954829972383762,7.283543093852058,10.193625459079806,11.24633273560764,24.44974437494184,6
21887,21.22969618247044,24.549745416195258,7.814729681825213,3.87556447501522,3.958535082577897,7.004284403134984,8.144937077718895,12.91665591397402,15.820240200452078,7.173562573784381,3.264965543462901,5.836951259004995,6.11228271597445,5.122499389946279,6.4054664154923175,17.52683656567836,6
18804,10.829127388668027,14.015348729161184,3.034798181098704,1.8681541692269408,1.972308292331602,4.963869458396343,8.337265738837884,4.801041553663121,20.17052304725884,9.25418824100742,2.567099530598687,2.570992026436488,2.718455443813637,5.187484939737175,3.840572873934304,10.698130677833394,6
22158,27.46270197922994,33.44742142527582,10.093066927351666,5.035871324805669,5.422176684690384,9.93529063490344,10.651760417883985,13.1403957322449,34.486374120803134,11.80847153530041,5.509990925582365,6.06217782649107,6.024948132556827,8.531705573916625,10.030952098380292,20.8568933448872,6
6914,10.244998779892558,42.88449603294878,13.377593206552516,5.513619500836088,18.636254988596825,27.74418858067397,4.833218389437829,9.496841580230766,30.619601565010605,58.26697177647041,14.073023839957068,10.582060290888538,33.18508701209024,10.790736768172968,4.765501022977542,7.035623639735144,6
31163,3.184336665618132,12.830432572598632,3.705401462729781,4.361192497471305,7.555792479945436,27.150874755705384,5.789645930452052,14.381585448065175,3.061045573002793,13.810503249338888,6.597726881282674,8.057915363169311,27.52108282753424,7.495331880577404,6.984268036093689,15.306534552275378,6
16390,36.94198153862351,30.362970869135975,10.552250944703694,6.71863081289633,31.62989092614769,20.455072720476945,36.004305298116776,12.350303639992015,51.545028858271095,19.34916018849397,5.709640969448079,11.66747616239262,27.20882209872379,11.072939989000211,25.755387785859487,18.258422713914804,6
85,28.32860744900815,12.547509713086498,3.5383612025908264,3.117691453623979,7.371566997592846,10.67379969832674,9.017205775626948,9.179324593890335,23.99666643515303,7.391210996852951,2.939387691339814,5.027922035990614,8.656211642514293,6.42339474110069,8.143709228600933,18.58951317275415,6
28851,3.8431757701151272,31.175952270941146,6.776429738438966,13.300375934536588,6.626462102811725,20.06863224038948,7.180529228406497,12.451505933018703,29.663951186583358,25.457415422622933,8.038034585643434,8.784076502399099,23.36129277244733,9.118113840043891,7.027090436304346,15.053571004914415,6
17873,39.08836143918033,21.07201936217789,7.843468620451031,5.005996404313531,19.55326059765992,33.96660124298573,25.8859034997815,12.775758294520134,40.49518489894817,17.02175079126704,5.7,9.327915093953203,12.687395319765203,13.37647188162858,24.05659992600783,23.800630243756157,6
12075,2.0074859899884734,2.9748949561287032,2.7838821814150108,1.5,1.407124727947029,1.3114877048604,1.2806248474865698,2.149418526020468,15.97466744567786,9.724710792614864,6.830080526611674,3.782856063875548,2.85482048472404,6.847627326307997,3.5510561809129406,5.917769850205397,6
14955,31.06847276581197,28.448550050925267,11.513036089581236,6.573431371817918,29.61013340057758,25.895366380879803,34.77455966651483,13.475904422338411,49.8566946357257,27.58695343817436,5.88387627334226,12.78632081562167,30.392268753747228,17.22091751330341,23.006738143422243,15.030302724828932,6
9940,22.54994456755936,35.417650966714326,14.245701105947717,6.413267497929585,11.492171248288985,6.729784543356496,12.42095004417939,13.834016047410094,60.71358991197934,38.93019393735408,12.949131244990916,12.62774722585149,11.256553646654025,18.40652058374966,11.649463506960313,16.508482668010405,6
11222,6.961321713582845,2.4596747752497685,1.5842979517754858,1.5,1.5394804318340654,1.407124727947029,1.6522711641858303,3.522782990761708,26.71703576372199,14.948578527739686,5.3637673327615545,7.286288492778748,6.786751800382861,14.350261321662405,7.122499561249548,8.404760555780278,6
29506,2.99833287011299,18.4143965418365,6.398437309218556,5.883026432033091,7.964295323504773,27.71606032609974,7.308214556237385,13.019216566291536,4.060788100849391,28.22339455132922,9.215747392371386,9.601041610158765,28.47437444440176,9.991996797437436,9.462029380635002,21.54042710811464,6
26948,7.48598690888516,18.89100314964772,5.714017850864661,2.787471972953271,5.187484939737175,12.237238250520416,8.655056325639944,4.3920382511995495,12.592060990957757,7.289032857656769,2.244994432064365,3.9,6.7149087856798175,9.004998611882181,3.424908757908742,4.401136216933078,6
955,14.65332726721136,7.09013399027127,2.258317958127243,1.9519221295943132,3.5355339059327378,5.632051136131489,11.111255554616678,5.637375275782161,13.218169313486644,4.56398948289761,2.029778313018444,1.865475810617763,3.2924155266308657,5.173006862551025,6.222539674441618,12.03951826278776,6
32952,3.1874754901018454,10.72800074571213,3.003331483536241,5.843800133474792,6.334824385884742,27.907525866690516,4.573838650411709,16.452659359507813,3.336165463522456,15.12679741386127,7.048404074682439,8.807383266328314,30.793181063345827,9.966945369570356,7.959271323431562,19.966972729985887,6
34019,27.224253892439364,41.501084323183655,17.71665882721683,6.838128398911503,21.814673960433147,12.783583222242502,8.69712596206356,14.716996976285618,29.9452834349585,22.175436861536685,12.196310917650468,13.23555816730069,21.80871385478749,10.529007550571896,7.471278337741139,12.75774274705365,6
27057,6.854195795277517,19.64764616945246,5.2554733373883655,3.1654383582688825,7.527947927556354,5.257375771237967,3.301514803843836,4.019950248448356,31.87851941354868,12.774584141959377,4.294182110716778,7.90253124005214,9.131264972609216,4.235563716909474,3.861346915261565,8.167006795638168,6
26694,9.192388155425116,25.24262268465779,7.153320907103217,3.7107950630558943,7.040596565632773,5.877074101966046,3.8704004960727256,5.134199061197374,31.61929790491876,14.57806571531354,5.195190083144215,7.734339015067803,7.187489130426563,3.856163896931768,4.259107887809371,8.874683092933516,6
6846,9.66798841538404,28.3346078144731,7.399324293474371,4.070626487409524,11.21338485917611,26.66477076593759,4.917316341257699,7.367496182557545,21.331197809780864,52.07052909276033,9.866610360199696,10.096534058774823,39.19719377710604,6.470703207534711,3.5,5.070502933634888,6
15564,18.407878747970937,15.85212919452778,4.603259714593562,3.2280024783137944,25.521755425518837,13.276294663798328,21.80045871077029,7.9328431221095,32.993787293973995,10.742439201596628,3.2264531609803355,10.749418588928426,18.379064176393747,8.356434646426669,4.905099387372289,8.450443775329198,6
9937,22.54994456755936,35.417650966714326,14.245701105947717,6.413267497929585,11.492171248288985,6.729784543356496,12.42095004417939,13.834016047410094,60.71358991197934,38.93019393735408,12.949131244990916,12.62774722585149,11.256553646654025,18.40652058374966,11.649463506960313,16.508482668010405,6
30214,3.402939905434711,19.486662105142585,5.24785670536077,5.453439281774392,6.50384501660364,28.80919991947017,4.949747468305833,16.014368548275637,3.653765181289022,21.97157254271983,7.240165743959181,7.2876608044008195,22.232408776378684,8.445708969648432,7.019259220174163,17.644262523551387,6
29175,3.641428291206625,34.99271352724735,8.072174428244226,5.861740355901138,7.51065909225016,30.126400382388866,6.910137480542627,13.399253710561643,38.94342049692092,29.291807728441757,10.521881960942158,9.73858305915188,35.443758265737,9.00721932674008,11.246777316191514,27.07360338041466,6
14093,20.79374906071534,30.66121328323457,12.472369462135092,5.4,8.919080670113933,6.3498031465550175,10.615554625171498,10.741508273980893,18.679935760060847,7.757576941287788,3.5930488446443363,2.3664319132398464,2.23606797749979,1.7088007490635062,2.0976176963403037,3.9179076048319454,6
12233,16.29539812339668,23.1984913302568,6.783804242458652,3.521363372331802,8.185963596303125,5.334791467339656,5.645352070508977,6.4621977685614045,1.7549928774784245,4.534313619501853,3.280243893371345,1.8547236990991407,1.4212670403551897,1.42828568570857,1.4142135623730951,1.5588457268119895,6
34875,33.696884128951744,48.07421346210461,21.22074456752166,8.175573374387879,14.17991537351334,14.09077712548176,13.732807433296369,19.68070120702004,27.399817517640518,19.42498391247725,6.579513659838392,11.269871339105872,17.312134472675517,14.545789768864392,11.656328753085168,14.2492105044455,6
26127,7.569015788066504,15.4719100307622,4.354308211415448,2.5514701644346145,5.2182372502599,8.154140052758475,4.942671342502958,4.656178690729126,9.786214794290998,6.289674077406556,2.7386127875258306,4.70425339453563,5.848931526355904,6.318227599572526,2.7622454633866265,5.475399528801528,6
3858,65.64365925205571,30.516552885278507,11.578428218026833,6.059702963017247,7.413501197140255,14.792227688891217,18.411952639521967,25.832924727951344,42.32127124744719,10.136074190730849,6.230569797378085,9.724196624914574,7.578258375114958,11.068423555321688,12.130539971493436,26.70074905316328,6
18502,41.82523161920326,28.14089550813904,10.200490184299968,5.78013840664737,28.60629301395062,20.45433939290145,26.65107877741537,14.956603892595403,55.63901508833527,25.089838580588754,7.416872656315463,12.654643416548724,23.957879705850434,14.568802284333463,23.34352158522788,25.533507397143858,6
29246,3.819685850956856,27.636208133533803,5.036864103785211,6.183041322844284,8.307225770376053,32.70902016264015,6.021627686929839,14.39791651594077,40.06107836791217,22.208106627986098,8.022468448052631,11.063453348751466,38.356876828021335,8.341462701469089,7.598684096605148,18.58198051877141,6
29345,3.559494346111537,24.25716389028198,6.331666447310692,7.044146506142529,9.743715923609432,31.423398925004918,7.177743377970544,17.5,4.591296113299598,28.45329506401675,9.856469956328178,10.14889156509222,32.96240282503689,10.273752965688828,10.548933595392477,22.457292802116644,6
260,43.26337943341921,18.852851243247,6.52533524043018,4.360045871318328,5.527205442174192,8.894942383174834,11.64903429473877,15.59647396048222,33.99808818154338,8.756140702387096,4.69041575982343,5.692099788303083,4.656178690729126,8.898314447129861,9.719567891629753,22.676419470454327,6
35391,9.51367436903324,16.043690348545123,4.944694126030447,1.8894443627691184,4.165333119931706,2.6210684844162317,2.467792535850613,8.412490713219242,9.012213934433648,7.211102550927978,2.4576411454889016,3.706750598570128,4.272001872658765,6.17332973362026,2.2737634001804143,4.469899327725402,6
29785,2.9086079144497976,6.952697318307479,2.9086079144497976,2.449489742783178,2.487971060924946,5.5901699437494745,4.673328578219169,6.868769904429759,32.64766454128074,6.977105417004963,3.049590136395381,4.331281565541543,10.169070754006976,7.849840762716146,5.44609952167604,8.656211642514293,6
810,26.309884074241,15.679604586851037,6.268173577685928,4.8218253804964775,14.059516350145191,18.072077910411963,10.504284840006958,10.09108517454887,25.431476559570815,7.767238891652554,4.007492981902775,8.811923740024081,24.779426950597543,7.295889253545451,7.49933330370107,25.011197492323312,6
2002,50.58715251919207,24.24561816081413,9.554580053565934,6.174139616173252,8.633075929238663,18.67217180726441,16.957594168985175,20.988568317062505,36.37540377782768,9.799489782636645,6.212889826803627,10.44892338951722,7.794870107962031,11.99249765478401,9.35147047260483,22.13752470354353,6
1092,49.42995043493368,20.3926457332049,7.534586916347837,4.347413023856832,5.569560126257728,8.527602242131136,12.135485157174394,19.886427532364884,35.6697350705048,7.29863000843309,3.5637059362410923,5.76541412215983,5.469917732470938,8.4303024856763,7.517313349861106,18.732858831475777,6
27856,2.7586228448267445,30.74264139595035,7.974333827975852,5.6471231613982,5.080354318352215,15.06120845085148,5.5072679252057455,6.148170459575759,32.570385321638426,20.61698329048166,7.519973404208288,6.6513156593263565,22.860446189871272,8.106787279804497,7.034912934784623,18.85232081203797,6
16949,38.15311258600011,32.519071327453375,13.181805642627264,7.8670197660867744,33.22363616463436,28.646291208461875,30.83942282209575,16.060199251565965,59.57004280676656,25.022789612671087,6.682065548915245,13.899640283115245,27.93009129952854,11.151233115669315,24.55504021580905,22.90436639595167,6
1420,52.7002846292124,22.63757937589618,9.512097560475292,5.323532661682466,6.862943974709396,9.08129946648606,14.554380783805266,22.854758804240312,38.52479720907042,10.09108517454887,5.591958512006325,10.828203913853857,6.734240862933253,11.596120040772258,10.930690737551767,22.63404515326414,6
834,26.309884074241,15.679604586851037,6.268173577685928,4.8218253804964775,14.059516350145191,18.072077910411963,10.504284840006958,10.09108517454887,25.431476559570815,7.767238891652554,4.007492981902775,8.811923740024081,24.779426950597543,7.295889253545451,7.49933330370107,25.011197492323312,6
636,41.5248118598989,18.504323819042945,8.445116932286965,5.320714237769211,7.99937497558403,12.01166100087744,14.694556815365342,16.731108749870703,33.54072151877476,7.495331880577404,4.1303752856126765,7.149825172687791,4.862098312457287,10.7144761887831,7.277362159464101,18.03357978882729,6
23841,9.375499986667378,23.720244518132606,6.931810730249348,3.407345007480164,5.645352070508977,4.411349000022556,3.576310948449533,5.060632371551998,29.407141989659586,13.155227098001768,4.57602447545902,6.363175307973213,6.862215385719105,3.6124783736376886,4.070626487409524,8.983317872590282,6
11192,6.961321713582845,2.4596747752497685,1.5842979517754858,1.5,1.5394804318340654,1.407124727947029,1.6522711641858303,3.522782990761708,26.71703576372199,14.948578527739686,5.3637673327615545,7.286288492778748,6.786751800382861,14.350261321662405,7.122499561249548,8.404760555780278,6
31769,2.846049894151541,21.383404780343096,4.652956049652737,5.008991914547277,7.842193570679061,28.612759391572148,8.006247560499238,14.325850760077042,34.639572745633,16.444147895224003,5.452522352086234,9.094503834734471,31.431830999800187,10.564090116995406,6.876045375068434,14.43849022578192,6
20549,41.1235942008964,48.28312334553348,16.154256405046937,8.482924024179399,9.930760293149763,15.186836405255704,15.294116515837064,22.387496510329157,49.718306487651006,22.78793540450736,9.42178327069775,8.931965069345043,9.539392014169456,11.37453295744489,15.484185480676729,33.095770122479394,6
15199,35.147261628752815,32.59662559222964,9.101098834756163,6.679071791798618,39.18890149009028,31.06815089444494,30.815904984277196,13.743362034087584,43.67745413826223,20.332240407785857,6.298412498399895,14.674126890551277,31.733893552477923,16.85941873256608,25.863101128828305,17.040539897550193,6
2052,43.96009554129745,23.16246964380094,7.776888838089432,5.280151512977634,7.280109889280518,18.312017911743094,17.877359984069237,15.91257364476281,33.609076155110245,10.070253224224304,4.343961325794695,6.243396511515186,7.319152956456095,13.330416347586446,8.133265027035575,16.38261273423748,6
16508,32.52183881640151,28.84215664613172,10.447966309287182,5.835237784358063,23.46231020168304,23.394230057858284,36.59986338772318,16.047429700734007,57.10341495917736,25.06990227344335,5.775811631277461,13.34541119636259,21.92190685136674,16.05272562526377,27.77534878268858,19.066200460500774,6
35317,18.263351280638503,29.678274882479272,10.812030336620408,4.159326868617084,9.167333309092673,9.800510190801292,10.476163419878482,16.53148511174964,14.481367338756378,13.071342700732776,3.4957116585897072,5.7,9.720082304178293,14.529280780547948,6.237788069500278,7.815369473031969,6
33281,3.054504869860253,14.269898387865275,5.577633906953737,6.0547502012882415,8.792610533851708,25.77964313174253,6.027437266367855,13.551752654177244,5.00999001995014,23.677204226850773,8.601162712098871,10.0074971896074,27.632770400377883,10.376415566080611,8.426149773176359,20.96425529323663,6
30766,3.661966684720111,23.06989380122934,9.465199416811036,14.18908030846256,8.780660567406077,29.347742672989348,7.65963445602987,20.86767835673149,41.59831727365904,20.8568933448872,8.005623023850173,7.102112361825881,25.747232861028,5.504543577809154,11.3017697729161,25.320742485164214,6
9030,6.0909769331364245,31.226751352005863,8.708616422830897,3.5777087639996634,16.15704180844996,24.984795376388416,4.8754486972995625,4.770744176750625,19.72865935637797,49.65269378392274,10.465658125507444,8.742425292789182,31.264996401726965,8.303011501858828,3.2233522922572395,4.934571916590131,6
26055,11.304866208850065,28.747521632307716,8.187185108448446,3.991240408695021,7.281483365359012,7.393240155709809,4.654030511288038,5.964897316802696,22.651710752170576,12.128891128211183,4.332435804486894,7.523961722390672,8.99110671719561,4.752893855326458,3.1984371183438958,6.78527818147495,6
33657,8.661408661412992,12.985761433200596,4.505552130427524,2.1563858652847827,4.823898838076935,5.281098370604358,2.3,5.361902647381804,7.62102355330306,6.2809234989768825,3.24037034920393,3.88329756778952,6.110646446980876,2.805352027821108,2.9171904291629644,3.1654383582688825,6
5199,8.341462701469089,22.17385848245632,4.150903516103452,2.86705423736629,11.696153213770756,19.81136037731887,4.946716082412655,6.545227268781429,17.802527910383965,43.14116363752837,7.922752047110903,6.89492567037528,25.01319651703876,8.060397012554654,3.4899856733230297,4.648655719667784,6
25404,7.355949972641195,16.47877422625846,4.976946855251722,2.4248711305964283,3.7868192457522976,7.593418202627852,4.458699361921591,4.503332099679081,11.70128198104806,5.641808220774612,2.6888659319497505,5.130302135352264,5.387021440462252,5.1166395221864125,2.596150997149434,4.656178690729126,6
5941,9.23038460737146,30.90614825564648,7.337574531137657,4.079215610874228,12.39395013706284,22.745549015137005,5.783597496368502,7.51065909225016,20.615528128088304,48.70800755522648,12.6554336156451,9.132907532653553,28.93112510774512,11.139120252515456,4.773887304912004,5.638262143604179,6
1952,50.58715251919207,24.24561816081413,9.554580053565934,6.174139616173252,8.633075929238663,18.67217180726441,16.957594168985175,20.988568317062505,36.37540377782768,9.799489782636645,6.212889826803627,10.44892338951722,7.794870107962031,11.99249765478401,9.35147047260483,22.13752470354353,6
27956,2.874021572639983,26.06913884270058,5.097057974949864,5.546169849544819,6.058877783880444,16.688319268278637,4.054626986542659,6.521502894272148,35.52435784078299,17.136218952849546,6.211280061307813,5.180733538795447,22.148137619222076,5.127377497317708,8.35224520712844,21.675331600692985,6
19531,14.917104276634928,9.933780750550117,4.004996878900157,2.9154759474226504,2.91032644217105,5.669215113223347,7.461233142048304,11.276080879454527,10.145442326483357,6.122907805936653,2.582634314028992,2.215851980616034,2.95296461204668,5.331041174104736,5.015974481593781,15.10529708413575,6
4664,58.28121481232181,28.145337091603647,11.640446726822816,6.2904689809266205,7.964923100695951,12.588089608832629,19.44273643292013,24.037470748812154,42.23020246221891,10.953994705129269,6.824221567329126,10.235233265539188,8.857200460642177,12.580540528928,12.684242192578948,26.45808005128112,6
35861,27.512179121254643,40.39084054584653,20.264994448555864,7.06257743320383,13.968536072187378,10.877040038539898,14.59212116177768,16.825872934264066,21.41331361559906,20.4492053635343,5.653317610041028,7.875277772878872,13.60661603779573,13.838713813068033,9.403190947758109,9.99799979995999,6
3923,53.32550984285101,28.513154858766505,10.232301793829189,5.754128952326321,7.791662210337407,11.047624178980746,17.367786272291585,22.84513077222365,42.53069479799266,9.555626614722868,5.321653878260029,8.399404740813482,7.229107828771127,10.11681768146486,10.781001808737445,26.165053028801605,6
4726,58.28121481232181,28.145337091603647,11.640446726822816,6.2904689809266205,7.964923100695951,12.588089608832629,19.44273643292013,24.037470748812154,42.23020246221891,10.953994705129269,6.824221567329126,10.235233265539188,8.857200460642177,12.580540528928,12.684242192578948,26.45808005128112,6
3528,25.891504398161185,12.418534535121283,3.304542328371661,2.2759613353482084,7.070360669725414,8.954328562209453,11.271202242884296,8.13572369245662,24.2579883749663,6.4,2.958039891549808,4.686149805543993,4.325505750776434,7.019971509913698,7.844106067615353,17.8294699865139,6
6892,10.244998779892558,42.88449603294878,13.377593206552516,5.513619500836088,18.636254988596825,27.74418858067397,4.833218389437829,9.496841580230766,30.619601565010605,58.26697177647041,14.073023839957068,10.582060290888538,33.18508701209024,10.790736768172968,4.765501022977542,7.035623639735144,6
28475,3.4655446902326914,21.50581316760657,8.047359815492284,6.411708040764177,6.077828559609098,21.508370463612533,5.46168472176855,14.9248115565993,4.219004621945797,20.58737477193243,10.47091209016674,8.64175908018732,33.44203941149522,10.90642012761291,8.742425292789182,21.117291492992184,6
19504,14.917104276634928,9.933780750550117,4.004996878900157,2.9154759474226504,2.91032644217105,5.669215113223347,7.461233142048304,11.276080879454527,10.145442326483357,6.122907805936653,2.582634314028992,2.215851980616034,2.95296461204668,5.331041174104736,5.015974481593781,15.10529708413575,6
34107,23.183614903633988,36.47752732847993,15.362291495737216,6.26657801355732,18.277308335747907,11.073843054694246,8.464632301523794,14.176388820852791,23.94848638223301,17.04963342714441,11.72731853408954,11.915955689746417,20.18068383380504,17.10350841201886,8.224962005991275,13.588598161694238,6
13613,26.67545688455964,22.044727260730628,9.283856957105703,6.189507250177513,12.313813381727044,15.81613100603305,18.34666182170479,12.34017828072188,42.19869666233781,26.0643434599838,8.95656184034923,8.76013698523031,12.305689740928788,16.213574559608993,7.098591409568521,13.190526903804868,7
25338,13.654303350958628,19.28652379253452,5.766281297335398,3.22490309931942,3.5,7.12460525222275,7.183313998427188,8.202438661763951,21.30046947839413,9.880283396745256,2.9933259094191533,3.2280024783137944,3.2924155266308657,4.091454509095756,7.1860976892886725,9.41859862187576,7
33048,4.063249930782009,25.04735514979576,13.532922818075924,8.32706430862642,8.855506761332183,32.676597130056244,7.569676347110224,14.190489773083945,41.3463420389277,22.06603725184928,10.977249200050077,11.009087155618309,38.05798207997896,14.518264359075433,8.484102781084161,19.874858490062262,7
27688,4.433959855479073,8.962142600963231,3.1432467291003423,2.01246117974981,2.435159132377184,3.736308338453881,3.836665218650176,3.241913015489465,16.445668122639468,6.669332800213226,2.576819745345025,2.3194827009486403,2.664582518894845,3.609709129556009,3.1096623610932426,5.091168824543142,7
10878,12.128478882366082,34.01323271904628,7.3171032519706865,3.7682887362833535,5.403702434442518,10.529957264870546,4.047221268969612,5.488169093604897,17.09151836438179,19.77725966861941,4.129164564412516,3.623534186398688,14.507239572020586,6.387487769068525,2.515949125081825,4.075536774462966,7
35169,3.127299154222378,10.097029266076236,8.538149682454625,8.45399313933954,6.148170459575759,24.08671833189403,4.585847795119241,9.88331928048467,26.87452325158532,12.163058825805292,6.340346993658944,6.686553671361653,22.37409216035368,11.676472069936192,7.610519036176179,14.209855734665288,7
36174,3.7841775856849,31.135189095298585,11.214722466472365,9.0515192095029,9.61717214153932,32.25879724974259,5.411099703387474,9.673675619949224,42.7540641343019,23.92362848733444,10.896329657274508,9.377099764852671,32.25957222283024,11.832159566199232,8.090117428072352,16.045248517863474,7
41591,20.644369692485164,33.20015060206806,13.226110539383829,5.392587505085105,9.89848473252346,9.478923989567592,11.433722053644647,34.261202547488026,22.58162970203878,14.825990692024597,7.7110310594628,6.963476143421474,8.596510920134982,8.32165848854662,30.856603831270867,34.55893516878088,7
24973,16.566230711903057,18.271836251455408,6.90724257573165,3.714835124201342,3.681032463861192,8.485870609430714,10.436953578511307,11.884443613396463,18.81621641032012,8.56971411425142,3.151190251317746,2.664582518894845,3.531288716601915,5.281098370604358,7.057619995437555,12.185236969382252,7
6331,8.857764955111419,3.271085446759225,1.7635192088548397,1.606237840420901,4.37264222181509,4.092676385936225,2.6795522013948525,3.629049462324811,7.753708789992051,2.657066051117285,2.039607805437114,3.8223029707232783,2.505992817228333,2.9899832775452104,3.7643060449437424,7.4357245780085215,7
29021,4.812483766206386,7.564390259630977,2.638181191654584,1.786057109949175,1.5198684153570663,1.697056274847714,1.6217274740226857,3.312099032335839,8.4,4.209513035969837,1.969771560359221,1.6583123951777,1.6522711641858303,1.5716233645501712,2.220360331117452,5.00999001995014,7
15340,7.413501197140255,5.493632677928148,5.489080068645383,1.664331697709324,1.5,1.4730919862656235,1.5362291495737217,3.2924155266308657,22.25219090336949,7.944809626416482,3.555277766926236,6.244197306299665,4.919349550499537,10.864161265371571,6.5337584895678535,9.000555538409838,7
15471,18.52727718797341,22.575207640241096,9.6591925128346,5.327288240746881,12.497599769555752,12.635268101627286,12.989611233597408,8.026830009412185,33.8032542812079,19.394586873661424,6.29285308902091,8.810221336606704,6.2904689809266205,17.18458611663371,6.0835844697020525,13.447676379211392,7
24031,23.396794652259526,25.914088832139168,7.956758133813042,4.608687448721165,5.865151319446072,12.06482490548454,12.992305415129373,14.694556815365342,26.17785323512988,12.325177483509112,4.259107887809371,5.441507144165116,5.535341001239219,6.931089380465383,7.587489703452651,16.17034322455773,7
6967,11.35649593844862,21.66564100136435,5.314132102234569,2.7129319932501077,12.266213759754882,16.557475653009426,2.9,5.440588203494177,15.91917083267844,38.84932431844857,6.443601477434805,6.495382975621991,23.706539182259394,11.4109596441316,2.9949958263743874,5.862593282839941,7
27350,6.036555309114628,11.45294721894762,4.303486958270002,2.794637722496424,5.314132102234569,4.740253157796532,4.028647415696738,3.954743986657038,24.83586116888239,8.667756341753037,3.340658617698013,6.00416522091123,5.408326913195984,3.40587727318528,3.10322412983658,7.282170006255003,7
37739,3.0380915061926625,8.391066678319271,6.070420084310475,7.6583287994183165,6.240192304729078,26.49245175516981,5.754997827975263,7.025667228100119,36.380076965284175,11.640017182117903,6.119640512317697,8.204267182387468,24.275913988972693,5.220153254455275,5.528109984434101,16.0822883943797,7
30405,4.479955356920423,9.223882046080163,3.0983866769659336,1.905255888325765,2.65329983228432,4.812483766206386,5.263078946776307,3.0083217912982647,15.07812985751217,6.252199612936235,2.6267851073127395,3.3391615714128,4.198809355043403,4.354308211415448,2.817800560721074,5.422176684690384,7
20504,10.964944140304592,10.636258740741502,3.212475680841802,2.151743479135001,4.561797891182818,21.905478766737787,3.81051177665153,4.877499359302879,15.902515524281055,6.466838485689897,2.2293496809607958,2.3664319132398464,5.226853738148792,3.293933818400121,3.281767816284388,4.921381919745713,7
36754,2.6758176320519302,8.894942383174834,4.852834223420372,4.5420259796703055,3.920459156782532,12.592855117089217,2.6438608132804573,7.183313998427188,28.80225685601738,10.808792717042916,4.233202097703345,4.43846820423443,12.706297651164952,3.3256578296631782,5.2554733373883655,14.961617559608989,7
23499,20.565018842685262,18.34311860071782,7.735631842325486,4.08166632639171,4.124318125460256,8.21462111116514,12.0145744826856,15.399350635659934,18.7712546197637,11.197321108193693,3.7483329627982624,5.182663407939975,4.708502946797421,5.683308895353129,7.148426400264607,22.34166511252015,7
1298,30.580058861944657,13.827870407260836,3.803945320322047,2.5219040425836985,6.835202996254025,9.046546302318914,9.274157643689264,10.031450543166724,21.586801523152985,6.039867548216599,2.80178514522438,3.281767816284388,6.296824596572466,7.764019577512669,7.8981010375912515,15.21380951635717,7
23133,25.097410224961457,29.34672043005828,8.904493247793498,4.817675788178362,6.512296062065975,13.413426109685773,13.37348122217996,16.04306703844374,28.32684239374378,13.545848072379965,4.801041553663121,5.878775382679628,6.830080526611674,7.507329751649384,10.257192598367254,18.813558940296225,7
25425,13.654303350958628,19.28652379253452,5.766281297335398,3.22490309931942,3.5,7.12460525222275,7.183313998427188,8.202438661763951,21.30046947839413,9.880283396745256,2.9933259094191533,3.2280024783137944,3.2924155266308657,4.091454509095756,7.1860976892886725,9.41859862187576,7
19577,5.299056519796708,10.033444074693396,2.181742422927143,2.2,9.812237257628864,5.102940328869229,3.361547262794322,2.7640549922170505,13.956360557108002,3.756327994198589,2.4041630560342617,6.55133574166368,9.611971701997463,2.078460969082653,1.7888543819998317,3.792097045171708,7
30781,2.6981475126464085,5.128352561983234,1.8466185312619388,1.6217274740226857,1.752141546793523,1.4832396974191326,1.452583904633395,1.8947295321496416,8.766983517721474,3.847076812334269,1.7916472867168918,1.8303005217723127,1.6431676725154984,1.3892443989449803,1.4387494569938155,2.80713376952364,7
21432,22.489330803738916,20.59854363784003,4.374928570845472,3.243454948045371,16.233915116200404,18.645106596638165,6.96921803361037,9.472064188971697,29.36119888560411,10.899082530194915,3.026549190084311,5.685068161420758,9.557719393244394,5.561474624593733,7.349829930005184,17.807301873108123,7
42344,24.66434673775083,38.33523183704515,17.496571092645553,7.440430095095309,23.249301064763216,15.4395595792108,11.41358839278866,35.71624280352008,32.931443940404435,20.18563845906292,10.950342460398211,12.628539107909512,21.82567295640618,10.685036265731624,36.33992294983576,42.08729024301755,7
10977,16.227445886522005,11.438968484964018,5.229722745997153,2.9206163733020465,7.979974937304001,3.8026306683663087,3.4957116585897072,5.973273809227232,29.18715470887836,19.341147845978533,6.326136261573884,7.15122367151245,7.669419795525604,5.5605755097831375,3.468429039204925,7.109852319141376,7
11107,17.68728356758041,12.761661333854615,6.302380502635492,3.75099986670221,10.241581909060727,7.944809626416482,6.394528911499267,6.895650803223725,30.41857984850706,19.934894030317796,5.768015256567895,7.195832127002408,5.619608527290847,7.0738956735309575,5.0079936102195655,8.740709353364863,7
33838,2.8301943396169813,36.18314524747676,9.26120942425988,11.054863183232978,6.3921827257987545,19.32692422502867,4.537620521815371,6.694774081326419,45.32284192325102,22.345916852973385,7.846655338422862,6.668583057891683,24.216936222404357,4.937610758251403,9.477341399358789,16.283427157696256,7
37447,3.0919249667480613,8.813058492941028,7.460562981437794,8.57146428563988,6.716397844082794,20.39141976420475,3.5496478698597698,8.569130644353603,24.778821602328065,8.909545442950499,5.604462507680822,6.84178339323893,28.365648238670666,6.41482657598785,4.216633728461603,10.340696301506972,7
65,28.63267364393343,13.64734406395618,4.804164859785725,3.028200785945344,4.071854614300467,11.090987332063817,6.552861970162351,9.852410872471772,25.542709331627293,6.902173570694959,3.6207733980463344,4.2708313008125245,7.720103626247513,12.12311841070605,15.168717810019409,21.460661685977904,7
33718,2.3937418407171647,9.194019795497503,6.481512169239521,4.5420259796703055,4.88978527135906,17.24644890984808,2.8301943396169813,6.118006211176971,39.04254090091986,10.549407566304376,5.130302135352264,5.877074101966046,23.89916316526585,4.4,5.957348403442592,18.53402276895116,7
10592,8.080222769206305,28.179247683357342,7.222188034107115,3.0903074280724887,9.02939643608586,13.241223508422475,3.4525353003264136,7.51065909225016,14.881532179181011,40.36334971233185,6.0547502012882415,5.220153254455275,14.297202523570826,12.214745187681975,3.3391615714128,4.374928570845472,7
7233,9.220086767487604,26.75331755128698,16.334931894562647,4.411349000022556,4.878524367060187,7.756287771866126,2.2605309110914638,5.30659966456864,13.472935834479433,32.32491299292235,11.881498222025703,4.023679907746142,10.449880382090504,2.7422618401604177,2.295648056649799,3.435112807463533,7
113,29.56399837640369,12.9267165204471,4.323193264243457,3.798683982644516,11.489125293076055,14.400694427700351,10.554619841567009,10.979981785048643,18.57417562100671,5.862593282839941,2.9698484809834995,4.460941604639093,5.960704656330491,12.0867696263311,13.2113587491976,22.063317973505256,7
32641,2.6115129714401197,10.035437210206638,7.928429857165919,8.391066678319271,4.042276586281547,11.11215550647128,2.280350850198276,5.857473858242988,31.774518092333047,8.457541013793549,4.637887450122092,3.0886890422961,11.406577050105788,2.555386467836128,3.3541019662496847,6.469157595854347,7
2057,19.23148460207896,8.071554992688831,2.9916550603303182,2.603843313258308,7.143528539874395,8.463450832845902,7.197916365171244,6.505382386916237,26.479237149132526,7.698051701567092,2.8301943396169813,3.7188707963574106,3.981205847478877,4.9668903752750575,9.40372266711434,26.746401627134816,7
39002,15.023648025696025,25.93819577380046,9.53729521405309,3.992492955535426,5.604462507680822,3.770941526992961,7.044856279584418,14.349912891721678,17.98999722067794,10.670520137275409,3.5832945734337835,3.836665218650176,4.24735211631906,7.145628033979938,8.917959407846618,10.269858811103491,7
20692,21.099052111410124,14.286707108357756,3.943348830626071,2.8618176042508368,6.6828137786414485,25.78255223983848,8.054191455385203,9.291393867445294,27.30109887898288,9.664884893261792,3.062678566222711,5.097057974949864,7.103520254071216,5.686826883245173,5.390732788777422,12.898449519225167,7
2549,52.910868448741226,22.156940221971084,7.355949972641195,4.1182520563948,10.468046618161384,9.9,12.073110618229256,21.296948138172286,31.15012038500012,8.295782060782456,3.4655446902326914,6.440496875241847,17.85469126028227,16.873944411429118,9.460443964212253,16.919810873647496,7
25890,13.494072772888105,14.403818938045562,6.447480127925948,3.034798181098704,2.7676705006196096,5.476312628037227,6.84324484437025,10.620734437881405,17.758941409892653,7.816009211867652,2.6981475126464085,3.4856850115866758,3.690528417449187,4.798958220280731,4.21307488658818,13.468110483657313,7
41467,33.625288102854974,49.92033653732715,21.91049976609388,8.366002629691195,15.676415406590882,11.204463396343442,9.857484466130291,29.30972534842317,27.923466833471807,19.2166594391429,9.018314698434514,9.648834126463155,15.702547564010114,9.174420962654809,32.47214190656354,40.11633083919814,7
11434,18.61934477901948,15.93172934743746,6.58027355054484,4.5793012567421245,11.829201156460227,16.339522636845913,12.747156545677155,8.87130204648675,34.77053350180293,18.51026742108282,6.044832503882965,6.331666447310692,7.155417527999327,6.211280061307813,5.039841267341661,9.943339479269529,7
33221,3.277193921634788,18.985520798756088,11.8046600967584,9.412226091632096,9.098901032542337,32.37591697543098,7.561745830163825,14.962620091414472,14.832059870429326,20.078844588272503,9.119758768739445,9.320407716403826,35.09088200658399,17.22120785543221,9.340770846134705,25.05713471249257,7
12768,16.362151447777276,14.158389738949836,6.849087530467106,3.4365680554879168,8.687922651589389,5.768015256567895,11.204463396343442,7.478636239315294,29.68366554184304,15.210193950111222,4.7148700936505135,8.107404023483719,6.338769596696191,12.736168968728393,5.616938667993447,10.911003620199198,7
9209,11.67390251800999,26.41798629721804,5.071488933242386,2.670205984563738,10.468524251297314,15.482570845954491,3.170173496829472,7.207634840916957,17.73978579352073,38.59067244814477,6.34192399828317,5.503635162326805,23.517227727774376,13.467739231214718,4.036087214122113,5.004997502496879,7
1370,30.580058861944657,13.827870407260836,3.803945320322047,2.5219040425836985,6.835202996254025,9.046546302318914,9.274157643689264,10.031450543166724,21.586801523152985,6.039867548216599,2.80178514522438,3.281767816284388,6.296824596572466,7.764019577512669,7.8981010375912515,15.21380951635717,7
22860,13.740087335966972,15.97811002590732,6.319810123729984,2.8600699292150185,3.1128764832546763,4.904079934095692,7.487322618933954,11.34327994893893,18.88464985113571,7.768526243760782,2.8513154858766505,3.5482389998420345,3.366006535941367,4.162931659299729,7.734339015067803,11.271645842555555,7
23156,25.097410224961457,29.34672043005828,8.904493247793498,4.817675788178362,6.512296062065975,13.413426109685773,13.37348122217996,16.04306703844374,28.32684239374378,13.545848072379965,4.801041553663121,5.878775382679628,6.830080526611674,7.507329751649384,10.257192598367254,18.813558940296225,7
9476,14.510685717773644,35.93508035332605,14.226735395022992,5.3535035257296695,9.505787710652916,17.277152543170995,5.174939613174245,11.717508267545622,20.920325045275945,30.088702198665864,5.9715994507334464,7.6400261779656224,25.834279552563487,8.089499366462674,4.196427051671457,5.401851534427802,7
14588,19.25980269888557,18.7413980268282,8.832326986700616,5.76107628833363,11.230316113093169,13.28118970574549,16.414932226482083,8.613361713059541,39.58926622204559,21.6510969698997,8.065358020571685,7.951100552753687,8.473488065725943,15.058220346375595,6.178996682310163,12.542726976220123,7
6901,12.27843638253666,29.76256037373129,7.349149610669251,3.106444913401813,13.06713434537198,22.186031641553207,3.1400636936215163,6.037383539249433,21.33447913589643,49.13949531690369,7.588807547961669,6.593178292750773,29.904514709321067,12.451907484397722,3.725587202039432,6.080296045424104,7
9979,10.411532067856296,18.93488843378804,3.907684736515984,3.1352830813181765,12.684636376341263,20.5314393065854,3.972404813208241,6.967065379340142,20.618195847357743,41.96093421266976,7.451174404078864,5.869412236331676,26.7127310471992,17.40545891380058,4.866210024238575,6.325345840347388,7
8499,9.16951470907812,24.04163056034261,6.549045732013177,2.939387691339814,11.077905939300985,19.12746716112721,2.925747767665559,7.140728254176881,16.377118183612158,43.83799721702624,5.866003750424985,7.40742870367309,22.00954338463204,10.37496987947435,2.949576240750525,4.474371464239419,7
33702,2.3937418407171647,9.194019795497503,6.481512169239521,4.5420259796703055,4.88978527135906,17.24644890984808,2.8301943396169813,6.118006211176971,39.04254090091986,10.549407566304376,5.130302135352264,5.877074101966046,23.89916316526585,4.4,5.957348403442592,18.53402276895116,7
9645,10.16021653312566,19.023932295926624,6.231372240526159,2.7386127875258306,4.138840417314976,6.263385665915839,2.240535650240808,7.356629663099808,10.544192714475583,30.36247684231311,9.006664199358163,3.4307433596816885,10.131633629380802,5.720139858430037,2.313006701244076,3.271085446759225,7
23757,13.98785187224972,17.99972222007884,6.295236294214857,3.5014282800023198,2.9137604568666933,4.657252408878008,4.877499359302879,8.414867794564572,20.218555833689013,10.295630140987,3.37934904974316,3.031501278244824,3.961060464067672,4.2485291572496005,7.180529228406497,17.112568480505782,7
25153,18.093092604637828,17.86421003011328,5.360037313302959,2.95296461204668,2.3323807579381204,5.938855108520497,8.778382538941898,10.72846680565308,13.84882666510055,6.707458535093601,2.253885533916929,1.994993734326,2.2068076490713917,3.248076353782343,3.4219877264537346,12.7753669223236,7
36156,3.7841775856849,31.135189095298585,11.214722466472365,9.0515192095029,9.61717214153932,32.25879724974259,5.411099703387474,9.673675619949224,42.7540641343019,23.92362848733444,10.896329657274508,9.377099764852671,32.25957222283024,11.832159566199232,8.090117428072352,16.045248517863474,7
18473,22.23982913603429,22.29080527930743,5.452522352086234,3.7616485747608057,23.69599122214557,18.7787113508888,7.924014134263013,9.291393867445294,36.38845970908909,13.122118731363468,3.4014702703389896,8.94035793466906,13.495184326269872,4.204759208325728,5.842088667591412,13.155227098001768,7
22475,23.57647132206175,20.526324561401637,7.773673520286274,4.274342054632502,4.450842616853577,9.561903576171431,11.456875664857328,16.094408967091645,20.94277918519889,8.843076387773658,3.8144462245521296,5.847221562417487,7.100704190430693,9.219002115196632,8.749285685128815,25.044560287615354,7
27878,7.0156966867161525,17.142636903347164,4.402272140611028,2.692582403567252,3.0854497241083023,4.24735211631906,4.527692569068709,3.977436360270268,20.66010648568879,7.490660852021001,2.9137604568666933,3.22490309931942,3.111269837220809,3.8948684188300895,4.742362280551751,6.432728814430156,7
34192,3.212475680841802,25.33140343526193,10.494284158531253,7.071067811865476,6.892749814116279,26.275654130772843,4.848711168960263,4.9749371855331,39.18660485421007,22.100904958847277,8.997221793420456,7.521967827636595,28.30229672659093,8.386894538504702,5.538050198400155,13.010380470993152,7
28860,5.598214000911362,10.955820370926132,4.182104733265296,2.282542442102665,2.3173260452512934,2.1400934559032696,2.211334438749598,3.943348830626071,13.837629854855924,6.646803743153547,2.677685567799177,2.582634314028992,2.3430749027719964,1.94164878389476,2.6683328128252666,5.932115979985556,7
37778,2.657066051117285,8.48999411071645,6.158733636065128,5.871115737234278,5.034878350069642,15.203289117819208,3.336165463522456,5.594640292279746,41.22826700214308,11.626263372210351,5.055689863905815,5.5677643628300215,25.012197024651798,4.009987531152684,6.265780079128216,18.718707220318397,7
5375,21.52161703961856,11.86591757935306,3.0854497241083023,2.4474476501040834,8.676981041814026,12.676750372236569,9.06697303403953,6.522269543648131,16.234839081432252,6.656575696257048,3.2680269276736382,5.067543783727971,4.381780460041329,7.393240155709809,7.606576102294645,14.596574940718114,7
4189,18.657706182701023,7.40742870367309,2.649528259898354,2.4186773244895647,9.777525249264253,7.553145040312677,5.838664230798,5.682429058070149,23.231874655309245,5.935486500700679,2.6457513110645907,4.246174749112429,4.551922670696417,4.102438299353203,6.669332800213226,21.736375042771048,7
27874,7.0156966867161525,17.142636903347164,4.402272140611028,2.692582403567252,3.0854497241083023,4.24735211631906,4.527692569068709,3.977436360270268,20.66010648568879,7.490660852021001,2.9137604568666933,3.22490309931942,3.111269837220809,3.8948684188300895,4.742362280551751,6.432728814430156,7
37797,2.657066051117285,8.48999411071645,6.158733636065128,5.871115737234278,5.034878350069642,15.203289117819208,3.336165463522456,5.594640292279746,41.22826700214308,11.626263372210351,5.055689863905815,5.5677643628300215,25.012197024651798,4.009987531152684,6.265780079128216,18.718707220318397,7
14548,19.25980269888557,18.7413980268282,8.832326986700616,5.76107628833363,11.230316113093169,13.28118970574549,16.414932226482083,8.613361713059541,39.58926622204559,21.6510969698997,8.065358020571685,7.951100552753687,8.473488065725943,15.058220346375595,6.178996682310163,12.542726976220123,7
40527,27.95746769648496,43.629691724787605,18.7571319769308,7.566372975210778,13.863260799682012,12.491597175701752,13.824254048591555,35.55319957472182,26.86521915041826,16.95670958647343,9.82700361249552,9.893937537704591,13.04492238382429,11.715801295686097,39.686143677611206,47.63444132138006,7
32009,4.15571895103603,27.43592535344853,18.01083007526305,9.082951062292477,9.89343216482531,41.3062949197819,12.061094477699775,19.37137062781052,27.0342375516677,20.88971038573776,11.24144118874444,11.63443165779919,39.63559006751382,22.473539997072116,10.921996154549772,23.145409912118645,7
41512,36.01832866749928,51.65733249017026,24.611785794614743,9.43610088966836,13.544740676735012,11.581450686334591,14.100354605470034,38.28276374558138,30.17830346457534,23.13827997064605,10.792590050585634,9.447221813845593,12.096280420029952,11.897058459972364,49.98059623493901,55.61061049835723,7
33391,3.402939905434711,10.986355173577817,9.487887014504336,5.4378304497290095,4.809365862564419,21.139063366194826,5.023942674832188,14.165803895296587,17.54308980767071,12.696062381699296,6.328506932918696,7.353910524340094,31.426262902228768,8.802840450672726,5.296225070746145,14.646842663181712,7
666,43.91127417873455,17.703107071923842,5.824087911424415,3.340658617698013,8.448076704197234,5.643580423808985,9.334345183246652,15.830350596243912,26.955147931332156,8.0,3.661966684720111,5.707013229352111,9.6,9.111531155629113,9.252567211320326,17.17701953192113,7
41990,9.234717104492155,16.81903683330291,8.141867107733951,3.0166206257996717,7.836453279386026,4.905099387372289,2.569046515733026,7.422937423958254,7.765951326141569,11.591376104673682,9.634313675607618,5.577633906953737,6.408587988004846,2.027313493271329,1.9748417658131496,3.966106403010388,7
23584,21.289433999052207,14.804391240439438,7.8198465458089395,3.4583232931581165,2.86879765755621,5.915234568468101,8.006872048434394,15.188482478509826,18.555592148999175,8.97552226892675,2.760434748368452,2.947880594596735,3.031501278244824,5.574047003748713,5.693856338194704,17.437029563546655,7
33552,2.98496231131986,9.22875939658197,6.067124524847006,5.892367945062494,5.965735495309862,22.85935257175933,3.4741905532080417,7.9290604739779855,28.423229936092767,12.140428328522844,5.520869496736904,6.992138442565336,24.86684539703418,6.383572667401852,4.764451699828638,13.905754204644923,7
30506,5.75065213693195,11.64817582284883,3.160696125855821,1.9595917942265424,2.4248711305964283,2.23606797749979,2.431049156228644,3.298484500494129,11.559411749738825,6.0266076693277455,2.328089345364563,2.705549851693737,2.3832750575625967,1.6552945357246849,1.9131126469708992,4.701063709417263,7
14189,9.065870063044144,8.829496021857645,3.893584466786357,1.933907960581372,4.882622246293481,2.3579652245103198,2.0760539492026693,4.0484564959994325,37.46798633500338,11.585767130406168,4.269660408041839,7.147027354082255,5.456189146281496,17.371528430164112,6.657326790837296,15.429841217588727,7
39434,36.76452094071131,56.07414734082008,25.20059523106548,10.422091920531118,18.528626500634093,16.622274212634082,21.93672719436516,40.33831925105457,33.08609980036934,19.101308855677928,8.913472948295743,12.323148948219364,18.98762755059199,14.626004239025775,42.249023657358045,47.49052537085687,7
32382,3.675595189897821,15.522886329545804,7.57495874576225,9.305374790947434,11.470832576583096,38.95997946611369,9.909591313469996,12.184826629870448,36.34996561208827,14.142842712835352,6.556675987114202,12.096280420029952,34.86932749566587,6.463745044476925,6.325345840347388,21.263113600787637,7
19215,25.344427395386152,17.60397682343396,4.848711168960263,3.531288716601915,21.0,13.823530663329104,8.380334122217324,7.515982969645421,30.58855995302819,9.487887014504336,2.6286878856189837,10.236210236215356,12.762053126358628,5.095095681142799,5.085272854036448,15.633937443907085,7
12359,17.485422499899737,17.971644332113854,8.274660113865705,5.086255990411808,12.807810117268293,10.30970416646375,11.59094474147815,8.981091247727083,54.58736117454296,38.71072202891597,12.034533642813086,10.552724766618336,16.741863695538797,22.87290974056427,9.500526301210895,17.435309002137014,7
17192,8.821564487096378,14.592806447013542,4.775981574503821,2.6210684844162317,9.28924108848511,5.3,5.702630971753301,4.586937976471886,30.531459185567925,15.207563907477097,5.36842621258782,6.581033353509159,6.97065276713738,6.305553108173778,3.371943060017473,7.683749084919419,7
40448,27.95746769648496,43.629691724787605,18.7571319769308,7.566372975210778,13.863260799682012,12.491597175701752,13.824254048591555,35.55319957472182,26.86521915041826,16.95670958647343,9.82700361249552,9.893937537704591,13.04492238382429,11.715801295686097,39.686143677611206,47.63444132138006,7
21257,10.176443386566842,10.7144761887831,4.710626285325551,2.7092434368288134,8.545174076635302,3.921734310225516,3.0215889859476257,3.690528417449187,15.928590647009546,8.721811738394724,5.304714883949938,5.394441583704471,7.454528824815154,2.4657656011875906,2.6551836094703507,4.98998997994986,7
19657,8.263776376451629,10.324727599312244,2.3302360395462087,2.1047565179849186,13.86650640933036,5.01098792654702,2.0248456731316584,3.5369478367654787,13.43726162579266,4.378355855797928,2.5179356624028344,7.64525996941896,8.656789243131659,1.7635192088548397,1.743559577416269,4.595650117230423,7
41065,8.1117199162693,14.958609561052125,6.010823570859488,2.826658805020514,7.535250493513803,5.452522352086234,2.9933259094191533,5.424942396007538,10.584894897919394,10.55604092451332,5.684188596448926,5.185556864985669,7.48598690888516,5.418486873657627,3.1654383582688825,4.038564101261734,7
28417,5.173973328110612,12.7534309109353,3.334666400106613,1.972308292331602,2.253885533916929,2.898275349237888,2.7477263328068173,3.281767816284388,14.556098378343007,5.80689245638319,2.23159136044214,2.3151673805580453,2.5748786379167465,2.535744466621193,2.102379604162864,3.717526059088221,7
23270,22.64729564429272,26.124700955226263,7.751128950030441,4.3886216514983385,5.352569476429054,12.956851469396414,15.40064933695979,16.545996494620685,21.001904675528834,10.411051820061218,4.029888335921977,4.984977432245807,5.602677931132576,8.748142660016468,8.5848704125339,19.791917542269623,7
29167,3.653765181289022,6.703730304837747,2.2427661492005804,1.6492422502470645,1.752141546793523,2.2068076490713917,2.355843797877949,2.4083189157584592,12.93174388858672,6.195159400693416,2.16794833886788,1.8867962264113207,2.282542442102665,1.783255450012701,2.1047565179849186,4.13763217311544,7
3713,45.76964059286461,17.847128620593285,6.34192399828317,4.246174749112429,15.140673697032112,10.79490620616965,10.581115253129038,16.868906307167634,32.685623751123366,7.8198465458089395,2.988310559496787,6.502307282803543,15.144966160411188,12.948358969382951,7.278049189171504,15.27743433957417,7
39255,17.703954360537647,24.8881497906132,11.314150432091663,4.451965857910413,14.352351723672326,10.422091920531118,5.360037313302959,18.27238353362801,12.58729518204765,12.29512098354465,7.702596964660685,8.839683252243827,11.98999582985749,4.384062043356595,6.732755750805163,11.704272724095247,7
41645,20.644369692485164,33.20015060206806,13.226110539383829,5.392587505085105,9.89848473252346,9.478923989567592,11.433722053644647,34.261202547488026,22.58162970203878,14.825990692024597,7.7110310594628,6.963476143421474,8.596510920134982,8.32165848854662,30.856603831270867,34.55893516878088,7
23779,23.83023289856816,27.0227681779643,9.125787637239869,5.2459508194416005,6.835202996254025,12.981525334104616,11.473011810331236,14.298601330200098,25.39645644573274,12.57338458808924,4.892851929090027,6.610597552415364,7.5518209724542595,8.117881497040962,9.936297097007516,19.913814300630605,7
618,43.91127417873455,17.703107071923842,5.824087911424415,3.340658617698013,8.448076704197234,5.643580423808985,9.334345183246652,15.830350596243912,26.955147931332156,8.0,3.661966684720111,5.707013229352111,9.6,9.111531155629113,9.252567211320326,17.17701953192113,7
16044,11.446833623321345,17.341280229556293,7.026378868236469,3.277193921634788,8.76812408671319,4.741307836451879,5.512712580935088,5.336665625650533,40.07068754089453,23.53720459187964,7.461233142048304,7.503332592921628,12.533953885346794,14.618823482072694,6.200806399170999,10.884851859350222,7
19985,38.701937935974215,18.29152809362848,9.101098834756163,5.754997827975263,6.590902821313632,9.768827974736784,10.434078780611156,20.62643934371611,28.90640067528297,14.458907289280196,8.608716512930368,11.205802068571442,13.210980281568814,11.206694427885504,8.704596486914255,25.73557848582386,8
33849,11.663618649458666,20.855934407261643,8.611620056644394,3.581898937714463,7.168681887209113,8.938679992034618,6.215303693304134,9.1323600454647,16.557777628655362,13.0862523283024,4.557411546042337,5.654201977290871,9.306449376641986,19.58979326077741,5.293392107146419,8.241965784932622,8
35955,9.703607576566563,12.690941651429968,6.702238432046416,3.753664875824692,11.08061370141564,12.467958934805647,7.3477887830285376,9.58070978581441,27.248302699434326,17.844046626256052,7.549172140042907,7.396620850090938,10.192153844992726,18.518639258865647,7.5372408744845085,17.16158500838428,8
7468,14.84284339336638,28.30706625561893,5.911852501542981,2.576819745345025,2.029778313018444,4.896937818678118,5.454356057317857,7.238093671679029,26.99203586245395,9.038252043398655,5.1613951602255765,2.723967694375247,2.2494443758403984,8.294576541331088,3.831448812133603,4.215447781671599,8
3339,17.749647883831386,12.345444503945574,5.091168824543142,5.737595315112421,15.994686617749034,11.685888926393234,8.414273587185052,10.930690737551767,38.33757947497468,14.274452704044382,7.446475676452586,9.687104830649869,14.033174979312417,8.025584090893322,18.944392310127025,44.51056054466176,8
15558,17.360011520733504,17.214238292762186,3.5341194094144583,2.80178514522438,12.89108218886219,12.317467272130257,8.997777503361593,6.830080526611674,28.00321410124202,9.54148835350125,3.361547262794322,5.472659317004851,9.155872432488342,14.337015031030692,3.0380915061926625,8.411301920630361,8
6976,21.42335174523352,37.991972836376895,8.413679337840254,2.971531591620725,2.477902338672773,3.5749125863438955,3.682390527904394,8.407734534343957,26.49849052304678,13.105342422081156,5.813776741499453,2.846049894151541,2.262741699796952,5.076416058598822,2.4392621835300936,4.5431266766402185,8
29437,3.3600595232822883,29.913709231721832,10.2112682855755,32.73896760742464,10.932977636490437,35.29617543020773,8.983317872590282,13.229890400150714,50.88604916870635,26.22746651889961,11.667904696216883,12.789839717525783,36.988241374793695,22.04404681541028,16.24130536625674,44.79419605261378,8
11977,21.04043725781382,24.618488986938253,9.022749026765624,4.824935232725927,14.656739064334875,16.044625268294677,15.56502489557919,10.094552986635913,61.02425747192669,47.3291664832585,16.762756336593334,17.111107503607123,18.240888136272314,32.82499047981583,16.478470802838473,40.52320322975468,8
21277,26.612778885340028,17.92651667223725,7.669419795525604,3.74299345444258,4.373785545725808,7.213182376732201,8.596510920134982,18.257875013264822,17.632356620712955,7.712976079309465,3.3630343441600474,5.033885179461287,6.104096984812741,4.8197510309143565,6.216912416947821,24.38688171948189,8
5388,50.81112082999154,66.96954531725596,23.30493509967363,7.993747556684537,8.108637370113428,13.143439428094917,8.95488693395958,18.83348082538117,43.727565676584376,32.49415332025132,11.158852987650658,7.127411872482185,15.978735869899095,9.582797086446108,5.01098792654702,9.736015612148536,8
30623,3.392639090737475,29.70151511286924,6.724581771381772,11.193748255164577,8.041765975207188,25.449557952938985,6.076183012385325,7.900632886041472,36.22968396218769,18.76672587320441,8.95377015563835,8.62322445492404,28.76543064165736,13.981416237277251,12.339773093537822,31.33336879430617,8
30431,4.428317965096905,34.59291835043699,10.114346246792229,12.218837915284745,10.869682608061746,33.6853083702673,8.023091673413685,12.611106216347556,49.084926403122985,27.17204445749344,11.057576588023254,13.55027674994131,37.20913866243077,13.908630414242806,14.856984889270096,40.52332661566669,8
27884,3.3541019662496847,29.54166549130228,10.151847122568386,10.665364503850771,11.001363551851195,31.41241792667352,8.000624975587845,9.871170143402452,47.98499765551729,23.465719677862,10.749418588928426,8.89775252521669,31.520945417293564,23.463588813308164,13.96925194847598,40.89083026792193,8
10874,13.58602222874672,7.427651041883968,3.167017524422623,1.9621416870348585,7.192357054540604,3.813135192987524,4.246174749112429,5.354437412091022,25.994614826921364,16.701796310576896,5.36935750346352,6.708949247087803,5.619608527290847,8.627861844049196,4.097560249709575,14.099290762304324,8
26013,9.010549372818508,6.967783004657938,3.260368077380221,2.379075450674064,2.7910571473905725,3.4,3.4957116585897072,6.302380502635492,26.34217151261452,9.723682430026187,4.216633728461603,3.130495168499705,3.3256578296631782,3.7669616403674726,5.699122739510003,16.284041267449552,8
26484,5.941380311005179,9.554580053565934,3.0675723300355937,1.89208879284245,1.786057109949175,1.772004514666935,1.8027756377319943,3.694590640382233,13.530705820466276,5.651548460377917,2.86879765755621,2.085665361461421,2.0542638584174138,1.9519221295943132,2.8774989139876315,6.596969000988257,8
35201,7.886063656856949,10.720074626605918,6.284106937345991,3.266496594212215,9.642095207992918,6.96419413859206,3.8223029707232783,6.492303135251773,18.75926437790139,11.371015785759864,6.224146527838174,6.194352266379432,8.653900854527974,11.012265888544464,4.756048780237646,11.594395197680646,8
135,23.743420141167533,17.011466721009096,4.592385001282014,3.8639358172723313,15.342424840943494,14.910063715490956,8.426149773176359,7.954872720540536,24.805241381611264,9.364827814754523,4.502221673796171,7.603946343840151,6.958448102845922,12.662543188475212,10.780538019969134,20.213609276920337,8
24200,7.046275611981127,11.662761251093157,3.3555923471125038,1.89208879284245,2.406241883103193,2.0024984394500787,2.2693611435820435,3.835361782153021,14.002142693173784,6.117188896870849,1.9874606914351791,2.29128784747792,2.056696380120313,1.7204650534085253,2.694438717061496,9.109335870413386,8
28984,2.9546573405388314,14.326199775236978,7.046985170979147,9.07358804442873,6.191122676865643,21.350878202078714,4.757099956906519,10.1202766760598,27.53688435535146,12.036195412172404,6.070420084310475,7.590783885739338,27.532526219001408,5.373081052803875,7.618398781896364,22.197972880423112,8
18736,32.78765011402921,21.58286357275141,8.845337754998392,4.6946778377222005,5.376802023508025,13.706202975295527,11.108105148944173,19.968975937688946,21.02641196210138,8.91010662113535,3.7188707963574106,3.215587038162705,5.448853090330111,8.02122185206219,11.711959699384217,20.08930063491509,8
24964,5.166236541235796,12.110739036078682,3.6318039594669753,1.7262676501632068,1.711724276862369,2.951270912674741,2.0952326839756963,3.283291031876401,13.122880781291888,6.131883886702357,2.2737634001804143,2.0542638584174138,2.39165214862028,2.7586228448267445,2.6476404589747453,5.98247440445841,8
32335,2.6267851073127395,20.613830308799965,4.274342054632502,8.15659242576212,2.559296778413945,8.287339742040265,2.7294688127912363,9.473119866232032,42.528696194452046,11.119352499134113,4.539823785126467,2.703701166919154,8.97997772825746,6.027437266367855,5.36842621258782,10.784247771634329,8
27272,5.079370039680118,10.12669738858627,3.127299154222378,1.9544820285692064,1.7204650534085253,2.345207879911715,2.233830790368868,3.0298514815086235,14.154857823376398,8.132650244538985,2.37065391822594,1.6278820596099706,1.972308292331602,2.353720459187964,2.412467616362964,5.6,8
12760,30.814931445648227,25.01819338001847,12.471166745737946,6.46297145282261,20.472908928630535,30.843637917729485,25.84221352748251,16.260073800570524,75.46674764424395,39.79095374579504,15.321227104902531,19.04757202375148,28.71602340157843,41.11435272505212,19.953195232844287,49.87554510980306,8
20167,44.88886276126853,27.79460379282281,12.916268811076982,7.769813382572325,9.26444817568753,12.91239714383042,19.486918689213027,27.30695882005171,23.537841872185307,13.4929611279363,7.306846104852626,10.778682665335316,12.990765951243985,11.545128842936316,11.997082978791136,29.170361670709536,8
30466,4.207136793592526,46.55974656288412,16.699401186868947,8.371977066380438,10.250365847129554,33.845826921498016,9.82700361249552,8.2915619758885,54.20811747330837,29.43076621496627,11.40570032922135,13.540310188470572,38.59572515188697,24.64081979155726,22.688763738908296,53.12880574603574,8
7789,11.537330713817648,20.30073890280844,6.655073252789935,2.8035691537752374,1.7748239349298849,5.728874234961001,3.8704004960727256,6.185466837676846,20.45213925241074,8.130805618141416,7.619055059520177,2.3108440016582685,2.019900987672416,6.468384651518492,2.0420577856662137,2.8583211855912904,8
17857,32.30681042752441,20.739575694791828,5.809475019311125,4.257933771208753,11.48999564838908,24.020824298928627,24.701416963405155,10.274239631233058,56.08003209699509,16.410057891427442,7.008566187174092,7.404052944165108,20.569394740730704,31.101929200613903,4.951767361255979,18.25130132346732,8
28708,3.920459156782532,25.494116968430188,16.588851678160246,16.523316858306625,11.90756062340226,38.88020061676637,9.376566535784834,13.099236618978985,43.828529521306095,32.56516543793383,13.396268137059664,14.166156853571826,40.66349714424474,38.51752847730498,20.70024154448445,47.44744460979959,8
6476,22.48466143841174,36.8164365467382,11.469524837585906,3.726929030716845,6.069596362197408,9.974968671630002,4.350861983561418,9.611971701997463,22.24882019343947,27.9023296518409,9.63690821788814,5.253570214625479,21.4653208687874,7.358668357794092,8.37376856618333,7.58617163001207,8
31789,3.623534186398688,34.18610828977174,7.571657678474377,13.929106216839616,7.689603370785778,26.02844597743016,5.816356247686347,11.91385747774414,42.50964596418088,23.01064970834157,9.879271228182777,8.703447592764606,30.49573740705412,7.049822692805827,10.734057946554977,26.03824110803185,8
26919,6.422616289332565,5.033885179461287,2.280350850198276,1.7378147196982767,2.2,2.792848008753788,2.8160255680657444,4.645427859734774,22.14158982548453,7.620367445208925,3.3734255586866,2.4859605789312105,2.297825058615212,2.8896366553599777,4.075536774462966,12.001249934902614,8
6352,30.871669860893498,51.412741611394345,16.840724449975422,5.668333088307356,10.70327052820772,12.846011054019844,6.063002556489647,12.69566855269938,39.96335821724696,33.091237510857766,12.296340919151518,6.130252849597641,17.014405661086137,6.356099432828281,8.054812226240907,9.719567891629753,8
26065,9.010549372818508,6.967783004657938,3.260368077380221,2.379075450674064,2.7910571473905725,3.4,3.4957116585897072,6.302380502635492,26.34217151261452,9.723682430026187,4.216633728461603,3.130495168499705,3.3256578296631782,3.7669616403674726,5.699122739510003,16.284041267449552,8
3010,18.37062873175548,14.290206436577463,5.9455865984779,5.259277516921882,14.681621163890588,12.592060990957757,8.201829064300231,13.73608386695422,44.239122956948414,15.447977213862014,7.977468270071652,10.563143471523995,17.113445006777567,8.995554457619608,25.94995183039845,59.34256482492141,8
965,27.202757213194403,19.37730631434617,5.264978632435273,3.555277766926236,7.782030583337488,16.98734823331764,9.571833680126293,8.824964589164082,25.75441709687874,10.862780491200215,4.664761515876241,6.656575696257048,10.92748827498799,17.77329457360115,10.676609948855488,18.093645293306707,8
8412,11.065712810298304,16.383223126112885,7.672027111526653,2.576819745345025,1.63707055437449,4.362338822237447,2.7386127875258306,7.097182539571601,13.285706605220511,8.356434646426669,13.224598292575848,3.2109188716004646,1.8,3.093541659651604,2.4899799195977463,2.8879058156387303,8
26155,12.027052839328512,8.824397996464121,3.8,2.683281572999748,3.327160951922825,5.030904491242106,4.512205669071391,8.130805618141416,35.14583901402839,14.486200329969208,5.956509044734172,4.0877866871939394,4.208325082500163,5.050742519669757,7.12039324756716,21.13764414498456,8
7788,11.537330713817648,20.30073890280844,6.655073252789935,2.8035691537752374,1.7748239349298849,5.728874234961001,3.8704004960727256,6.185466837676846,20.45213925241074,8.130805618141416,7.619055059520177,2.3108440016582685,2.019900987672416,6.468384651518492,2.0420577856662137,2.8583211855912904,8
22754,11.897898974188678,9.935793878699377,6.57419196555744,2.8722813232690143,3.67967389859482,5.321653878260029,7.261542535852834,11.703845521878696,8.35224520712844,5.360970061472083,2.898275349237888,4.5420259796703055,4.504442251822083,4.127953488110059,5.42125446737192,17.014699527173555,8
24661,12.209013064126028,9.182047701901793,3.926830783214372,2.9546573405388314,3.181194744117373,3.8704004960727256,4.152107898405339,8.870738413458037,34.125357140988285,13.848104563441163,5.865151319446072,4.171330722922842,3.7775653535048206,4.504442251822083,7.198610977126073,21.509067855209345,8
23750,8.158431221748456,8.55219270129012,3.220248437620924,2.118962010041709,2.8035691537752374,3.278719262151,2.8478061731796283,4.843552415324934,22.16370907587446,8.590110593001699,3.819685850956856,3.811823710509184,3.28785644455472,2.837252191822221,4.669047011971501,13.5705563629499,8
33512,8.471717653463198,6.833739825307955,6.24099351065197,3.806573262134856,20.93370487992988,11.590081966923272,5.941380311005179,13.3082681067072,24.462215762273047,14.813844875656017,9.27739187487518,14.222165798499187,18.782438606315207,7.365459931328117,5.80430874437258,14.98666073546739,8
20005,38.701937935974215,18.29152809362848,9.101098834756163,5.754997827975263,6.590902821313632,9.768827974736784,10.434078780611156,20.62643934371611,28.90640067528297,14.458907289280196,8.608716512930368,11.205802068571442,13.210980281568814,11.206694427885504,8.704596486914255,25.73557848582386,8
15062,15.927962832704,22.781352023091166,3.5397740040855714,2.8530685235374214,16.869795493721906,12.456323695216016,8.459314393022641,5.415717865620402,42.90617671151789,12.981140165640303,3.964845520319802,8.047359815492284,14.49482666333061,16.685322891691367,2.794637722496424,8.338465086573187,8
29011,2.9546573405388314,14.326199775236978,7.046985170979147,9.07358804442873,6.191122676865643,21.350878202078714,4.757099956906519,10.1202766760598,27.53688435535146,12.036195412172404,6.070420084310475,7.590783885739338,27.532526219001408,5.373081052803875,7.618398781896364,22.197972880423112,8
7983,32.991968719674794,50.03438817453452,12.174152947946729,4.657252408878008,3.794733192202055,6.166846844214635,6.5337584895678535,12.52517464948094,35.39081801823744,16.604818577750255,7.598684096605148,4.341658669218482,5.441507144165116,9.534673565466203,8.25348411278534,6.222539674441618,8
32954,10.14494948237792,8.545759182190896,6.26418390534633,4.3220365569948616,17.5931804969994,15.088406145116853,9.125239722878517,14.972307771349078,22.99065027353511,13.74227055475186,7.012845356914696,9.224424101265075,14.352700094407323,13.912584231550944,6.456004956627589,13.76662631148242,8
1629,18.129258120507856,5.931273050534767,2.467792535850613,2.6229754097208,9.529428104561156,5.039841267341661,3.5071355833500366,5.301886456724625,10.910087075729503,3.1400636936215163,2.65329983228432,4.570557952810575,5.070502933634888,3.5114099732158874,5.752390807307863,6.825686778632609,8
16335,36.28663665869296,31.998281203839685,5.897457079114693,4.057092555020159,17.445629825259964,23.52466790413841,22.060598359972012,11.954915307102764,63.31579581747354,20.33617466486753,8.84929375713113,8.908422980528035,22.35106261456041,28.076146459227623,5.668333088307356,19.204686927935064,8
1683,8.641180474911978,2.6664583251946765,1.6733200530681511,1.772004514666935,3.374907406137241,2.3874672772626644,5.060632371551998,4.0743097574926725,6.0547502012882415,2.433105012119288,2.056696380120313,3.2893768406797053,2.477902338672773,3.003331483536241,6.669332800213226,4.102438299353203,8
31670,2.603843313258308,12.12435565298214,3.971145930332956,3.333166662499792,2.930870177950569,5.936328831862332,2.41039415863879,5.339475629684998,13.363008643265932,7.149825172687791,3.813135192987524,2.0174241001832014,8.32946576918352,1.841195263952197,2.6419689627245813,7.183313998427188,8
32911,10.14494948237792,8.545759182190896,6.26418390534633,4.3220365569948616,17.5931804969994,15.088406145116853,9.125239722878517,14.972307771349078,22.99065027353511,13.74227055475186,7.012845356914696,9.224424101265075,14.352700094407323,13.912584231550944,6.456004956627589,13.76662631148242,8
27500,2.891366458960192,20.663252406143616,8.708616422830897,23.17218159776934,8.379140767405689,23.86168476868304,5.377731863899501,7.692203845452875,29.330530169091727,14.754999152829525,8.644651525654462,6.4,23.716028335284136,5.583009940883144,4.988987873306569,13.014222988715078,8
6729,14.547164672196434,15.441178711484431,7.251896303726357,5.602677931132576,2.567099530598687,1.7378147196982767,2.102379604162864,9.795407086997455,9.001111042532472,16.548111674750082,6.118823416311342,2.8930952282978866,1.7,1.6613247725836149,2.7658633371878665,5.683308895353129,8
4804,18.385048272985305,14.69863939281456,5.176871642217914,4.7148700936505135,11.654612820681775,14.641038214552957,8.628441342444185,12.685424707119584,41.63880401740665,14.216187955988763,6.897100840208152,8.917398723843181,13.214764470091776,9.35467797414748,21.64717071582335,55.55123760997589,8
17185,17.04494059831245,11.8,3.737646318206152,2.981610303175115,8.767553820764375,13.597426227047528,14.410412901787376,5.037856687123999,52.27819813268243,11.145402639653716,4.605431575867782,5.263078946776307,12.890306435457616,23.48446294893711,3.2924155266308657,10.62449998823474,8
18415,34.79238422413733,20.230669786242867,8.188406438373708,4.583666654546336,7.399324293474371,16.76365115361209,9.989494481704266,15.51128621359299,25.67333246775728,11.747765745025731,6.961321713582845,9.719567891629753,13.118688958886096,10.27326627709026,7.524626236564844,20.836026492592104,8
34562,9.453041838477178,15.076140089558733,5.478138369920935,2.753179979587241,4.476605857119878,8.136338242723197,5.69824534396335,8.939798655450804,15.7851195750935,10.296115772464876,6.06217782649107,4.211887937730538,5.865151319446072,14.728883189162714,4.407947368106838,9.266606714434362,8
34761,5.263078946776307,3.0083217912982647,2.3302360395462087,1.5491933384829668,1.5937377450509227,1.2884098726725126,1.5132745950421556,6.895650803223725,2.7073972741361767,2.831960451701259,2.078460969082653,1.9157244060668015,2.0,1.47648230602334,1.7492855684535902,3.0854497241083023,8
10014,19.226284092356483,24.04391814991891,11.441153787970862,5.360037313302959,14.194365079143202,20.090793911640223,14.14602417642498,10.248414511523231,40.95167884226482,17.306357213463496,6.486139067272609,9.410632284814874,6.5314623171231725,16.938417871808454,7.876547467006087,17.80196618354276,8
5916,6.256996084384263,24.538948632734854,9.089004345911604,3.0854497241083023,7.940403012442126,11.319010557464818,2.029778313018444,4.782258880487337,11.24233071920587,31.430240215435838,11.368817000902071,4.518849411078001,21.41891687270857,3.024896692450835,2.1702534414210706,4.318564576337836,8
19413,43.738655672071125,27.21745763292376,10.73824939177704,6.04400529450463,6.881860213634101,16.735889578985635,15.214138161591672,28.245707638506776,26.50188672528807,10.32811696293182,5.967411499134277,7.662245101796209,9.624448036121343,8.916838004584362,10.46900186264192,27.49472676714573,8
17297,34.48941866717965,19.44530791733574,5.428627819255985,3.8652296180175374,15.174979406905305,16.156113394006617,18.525657883055057,10.83466658462548,61.22385156129921,19.170028690641026,8.182297965730655,6.640030120413612,15.3687995627505,23.823098035310185,5.858327406350724,22.431005327447988,8
10514,19.209893284451116,17.046113926640288,7.7278716345446625,3.6110940170535577,10.59669759878048,11.49521639639724,6.1400325732035,8.606392972668631,44.63686816970922,22.28093355315257,7.842831121476478,8.815894736213677,9.30859817588019,18.788294228055936,10.132620588969075,23.41559309520047,8
33236,16.55807959879406,27.84546641735419,13.312400234367956,4.91121166312347,13.936642350293702,14.56056317592146,7.722693830523129,13.569082503986776,15.42822089548889,13.854963009694396,6.769785816405125,9.318261640456337,15.845188544160653,16.441411131651687,4.663689526544408,9.05317623820502,8
2589,18.435563457621797,14.759742545180115,3.6110940170535577,2.657066051117285,7.682447526667527,4.77283982551269,4.161730409336962,7.88986691902975,19.693653800145874,7.929691040639604,2.588435821108957,4.46318272088428,5.060632371551998,3.243454948045371,5.783597496368502,12.002916312296774,8
10577,19.209893284451116,17.046113926640288,7.7278716345446625,3.6110940170535577,10.59669759878048,11.49521639639724,6.1400325732035,8.606392972668631,44.63686816970922,22.28093355315257,7.842831121476478,8.815894736213677,9.30859817588019,18.788294228055936,10.132620588969075,23.41559309520047,8
16427,36.81969581623401,24.831431694527804,5.428627819255985,3.943348830626071,15.402921800749365,23.535717537394092,20.285462775100797,10.750348831549609,59.75433038701045,16.824684246665672,7.222188034107115,8.309031231136396,17.77245059073171,29.76457626105233,9.237423883312925,20.93848132028682,8
29574,3.5805027579936315,30.611599108834547,14.98232291735831,13.09465539829132,12.666491226855207,42.42546405167538,10.092076099594175,14.418044250174848,45.603398996127474,31.69684526889072,12.897286536322282,10.84758037536482,36.945229732673205,23.728674636397205,19.414942698859555,45.534053190991024,8
17054,16.318394528874464,19.915320735554324,2.86879765755621,2.297825058615212,10.99136024339117,8.5492689745966,7.968688725254614,7.717512552629895,25.00799872040944,8.6,3.668787265568828,4.830113870293329,8.539906322671227,11.417968295629482,3.8639358172723313,13.270644294833616,8
15199,27.96462050520264,24.171884494180425,4.802082881417188,4.024922359499621,23.843028331149547,23.07119416068444,17.81796845883391,9.5524865872714,50.41309353729446,16.14125150042586,6.427285585688566,11.880656547514535,20.95137227009248,17.614766532656628,5.79396237474839,14.714958375748129,8
860,11.173182178770736,5.4644304369257,2.545584412271571,1.794435844492636,3.9230090491866063,2.340939982143925,2.056696380120313,4.339354790749426,5.503635162326805,4.362338822237447,2.071231517720798,2.37065391822594,1.7888543819998317,1.5297058540778354,2.677685567799177,3.3226495451672298,8
5576,23.897070950223167,46.22466873867243,15.008331019803634,4.870318264754368,9.40584924395453,11.71537451385998,5.232590180780452,9.567653839891994,33.58958171814588,22.536414976655003,8.522910301065007,4.789572005931219,15.969032531747189,5.500909015790027,3.987480407475377,7.471947537289057,8
3039,18.37062873175548,14.290206436577463,5.9455865984779,5.259277516921882,14.681621163890588,12.592060990957757,8.201829064300231,13.73608386695422,44.239122956948414,15.447977213862014,7.977468270071652,10.563143471523995,17.113445006777567,8.995554457619608,25.94995183039845,59.34256482492141,8
11819,18.21867174082677,24.672656930294316,9.699484522385712,6.089334939055331,14.640696704733692,14.731598691248688,14.639330585788407,11.24544352171136,57.91873617405684,29.3122841143436,11.603016849078518,11.938174064738712,10.34117981663601,23.515314159075142,13.543633190543812,30.897734544785,8
8583,32.85711490682041,42.73546536543155,11.510864433221338,5.1000000000000005,4.00374824383352,11.878552100319297,7.080960386840192,12.27436352728727,38.99782045191756,19.95595149322628,10.725670142233538,4.608687448721165,3.295451410656816,7.360706487831178,6.32771680782255,7.807688518377254,8
13119,20.59393114487858,10.33634364753804,4.741307836451879,2.479919353527449,8.12588456723328,3.5538711287833724,2.9647934160747185,8.84816365128946,19.86303098723858,12.643575443678897,4.801041553663121,7.327346040688948,6.721606950722424,7.920858539325141,4.624932431938871,15.706686474237651,8
8441,11.065712810298304,16.383223126112885,7.672027111526653,2.576819745345025,1.63707055437449,4.362338822237447,2.7386127875258306,7.097182539571601,13.285706605220511,8.356434646426669,13.224598292575848,3.2109188716004646,1.8,3.093541659651604,2.4899799195977463,2.8879058156387303,8
10084,19.226284092356483,24.04391814991891,11.441153787970862,5.360037313302959,14.194365079143202,20.090793911640223,14.14602417642498,10.248414511523231,40.95167884226482,17.306357213463496,6.486139067272609,9.410632284814874,6.5314623171231725,16.938417871808454,7.876547467006087,17.80196618354276,8
34313,9.024965373894794,5.6859475903318,5.062608023538855,3.9230090491866063,11.348127598859646,10.468524251297314,6.98212002188447,10.571660229122008,26.70018726526089,16.942549985170473,9.494208761134336,7.701298591796061,10.14248490262618,12.031209415515963,7.4357245780085215,18.18845787855584,8
9493,33.12476415010377,46.47848964843845,13.151425778218876,4.998999899979995,4.769696007084728,12.08801058900926,8.59127464349732,12.30812739615576,33.673431663553394,24.9218779388713,8.46640419540669,5.205766033928148,9.174965939991276,10.661144403862092,4.084115571332427,6.208059278067503,8
4499,19.801262586006985,10.893117092916976,4.93051721424842,4.550824101193101,9.103845341392834,11.687600266949584,8.212186067059124,12.109500402576485,32.451348200036314,11.42803570172932,5.469917732470938,7.667463726683029,11.81482120050913,7.493997598078078,19.80101007524616,47.86627205036966,8
11177,34.22309161954834,30.80746662742654,12.999230746471117,6.497691897897283,15.93047394147456,18.45399685704969,23.6160962057661,14.517231140957977,65.93481629609656,33.23055822582582,11.572380913191546,12.65977882903173,12.620221868097248,26.69213367267593,14.787156589419077,39.87994483446536,8
16632,6.245798587850876,13.8538803228554,1.98997487421324,2.0591260281974,4.031128874149275,5.197114584074513,6.83593446428504,2.898275349237888,13.0843417870369,3.858756276314947,2.2605309110914638,3.1352830813181765,6.48999229583518,6.166036003787198,1.8947295321496416,3.594440151122286,8
22794,9.000555538409838,7.657022920169431,4.374928570845472,2.280350850198276,1.746424919657298,2.3579652245103198,3.819685850956856,10.193625459079806,4.101219330881976,2.3664319132398464,1.5066519173319364,1.61245154965971,1.6309506430300091,1.5937377450509227,2.471841418861655,7.733045971672482,8
30946,3.836665218650176,26.69812727514797,20.93346602930341,17.387639287723907,8.687347120957007,27.907525866690516,7.159608927867499,11.410083259994206,50.366060000758445,24.71618902662787,11.42628548566856,8.884255736976508,29.820127430981916,16.069847541280534,14.060227594174997,36.563779892128224,8
36669,10.532331175955305,5.251666402200353,4.27551166528639,2.91032644217105,6.470703207534711,8.414867794564572,7.636098480245,13.583813897429543,22.177916944564476,14.16474496770062,6.740919818541086,5.349766350038102,7.40742870367309,12.137956994486348,6.692533152700851,15.36261696456694,8
16718,16.416759729008646,14.564340012510009,3.4467375879228173,2.7802877548915688,10.659737332598771,20.536796244789496,23.092206477510977,6.434283176858165,48.746179337461925,10.141005867269776,4.4034077712608,6.307931515164063,20.32830538928417,24.094190171076512,3.840572873934304,11.207586716149022,8
27477,2.6627053911388696,5.1613951602255765,4.057092555020159,3.7841775856849,2.6739483914241875,3.130495168499705,2.3937418407171647,3.813135192987524,3.352610922848042,6.043177971895251,2.6888659319497505,1.6309506430300091,1.4,1.4212670403551897,2.019900987672416,5.825804665451804,8
21076,51.807142364735775,27.66134486969135,12.22783709410622,7.554468876102409,8.18535277187245,14.92916608521722,17.946587419339643,34.66770831768376,27.301831440399745,11.367057666784312,6.581033353509159,7.984359711335656,10.14494948237792,10.164644607658447,8.469946871143879,27.562474489784115,8
28803,3.837968212479098,15.335579545618744,8.384509526501834,8.439194274336858,7.66550715869472,29.355067705593868,6.495382975621991,13.25028301584536,48.2747345927453,19.665960439297137,8.0,8.69540108333135,35.86279409081228,20.18390447856905,10.2435345462394,31.94338742212541,8
2341,23.70527367485978,18.91110784697713,4.337049688440288,3.958535082577897,12.151954575293638,10.007996802557445,5.06458290484024,9.502105029939418,30.433369842986497,10.722872749408156,3.656501059756444,8.888756943465156,17.630938715791626,5.143928459844674,8.438009243891594,21.019038988498025,8
15120,31.69858040985432,26.3387547161972,5.545268253204709,4.173727350941841,21.271812334636653,23.36600094153897,21.730393461693232,10.967223896684157,61.08944262309159,18.576598181583197,7.778817390837761,13.947401191619893,26.99222110164334,28.20478682777092,5.597320787662611,19.422667170087635,8
21544,37.28565407767443,21.26852134023426,12.300406497347964,5.769748694700662,6.730527468185536,16.00687352358355,13.097327971765845,20.73282421668597,28.989998275267283,13.653570961473775,7.15122367151245,6.005830500438719,8.872429205127533,11.3833211322531,9.78417088975862,24.4836680258494,8
4672,21.57081361469706,16.57739424638263,5.666568626602875,4.097560249709575,9.778036612735708,13.72880184138441,9.807140255956371,10.844814429025517,34.24164131580144,11.37892789325954,6.203224967708329,6.2801273872430325,8.404760555780278,13.52848845954344,20.78412856003349,44.75533487753164,8
20430,25.655798564846897,17.45078794782631,10.573551910309044,4.710626285325551,4.737087712930805,7.964295323504773,9.331666517830564,17.495999542752624,15.430165261590687,7.846655338422862,3.950949253027682,6.2088646305101545,6.248999919987197,5.79396237474839,9.192932067626735,24.500204080782677,8
6024,13.719329429676948,22.232408776378684,6.30158710167526,2.745906043549196,2.0024984394500787,2.4979991993593598,2.4166091947189146,6.847627326307997,20.95089496895061,10.161692772368196,4.170131892398609,2.2847319317591723,1.6613247725836149,1.7549928774784245,2.3151673805580453,3.504283093587046,8
28645,7.590783885739338,7.404052944165108,2.576819745345025,1.5748015748023625,1.70293863659264,1.4387494569938155,2.195449840010015,8.809653795694812,6.074537019394976,3.117691453623979,1.61245154965971,1.466287829861518,1.4247806848775006,1.4832396974191326,1.8384776310850235,4.5661800227323495,9
12813,26.850139664441222,5.496362433464518,2.961418578992169,2.727636339397171,2.8635642126552705,18.913751610931133,8.777812939451376,7.355949972641195,12.32842244571462,5.975784467331465,5.321653878260029,2.8284271247461903,2.592296279363144,2.4515301344262523,3.4132096331752027,18.648592440181645,9
10045,17.542234749312872,6.378871373526825,3.420526275297414,2.0074859899884734,1.7635192088548397,2.2,3.0380915061926625,6.161168720299745,8.7,4.856953777832357,3.263433774416144,2.280350850198276,3.987480407475377,14.76312974948063,5.149757275833493,14.09077712548176,9
4459,11.733712115098104,15.572732579736927,7.984359711335656,3.207802986469088,2.7386127875258306,4.741307836451879,5.652433104425032,8.12403840463596,8.838551917593742,15.68247429457482,9.879271228182777,3.0099833886584824,3.9293765408777,6.545991139621257,8.228608630868283,4.70425339453563,9
31841,18.76805797092496,10.29514448660144,4.628174586162454,2.297825058615212,2.258317958127243,2.6851443164195103,9.201086892318754,10.937092849564731,15.210522673465237,7.987490219086343,3.2295510523910287,2.188606862823929,2.118962010041709,9.95339138183564,10.197548725061331,10.42688831818966,9
30531,9.055385138137416,7.6609398901179215,2.6664583251946765,1.688194301613413,1.9261360284258224,2.7386127875258306,4.710626285325551,8.774394566008528,7.5093275331416995,3.278719262151,1.664331697709324,1.7492855684535902,1.6340134638368191,6.479969135728966,2.6739483914241875,6.040695324215583,9
18848,24.13752265664395,16.411581276647293,6.082762530298219,3.943348830626071,3.798683982644516,5.953150426454887,9.91110488290786,20.371794226331662,23.34330739205565,18.40081519933288,7.326663633605681,3.4828149534536,3.456877203488721,5.053711507397311,9.23038460737146,35.70098037869548,9
687,6.24739945897491,3.286335345030997,1.841195263952197,1.760681686165901,3.024896692450835,7.037755323965163,6.278534860936905,8.555699854482976,12.202868515230342,5.316954015223378,2.1748563170931545,3.0919249667480613,3.809199390948182,4.884669896727925,7.7110310594628,17.823860412379805,9
3216,10.91512711790385,3.163858403911275,1.7549928774784245,1.5066519173319364,1.7492855684535902,5.112729212465687,6.130252849597641,12.393546707863734,8.50764362206128,3.5256205127608387,1.8681541692269408,2.513961017995307,2.445403852127497,4.496665431183423,9.08019823572151,22.48288237748888,9
20571,13.209844813622906,10.709341716464182,3.408812109811862,2.1400934559032696,2.753179979587241,4.6475800154489,9.182047701901793,9.229301165310403,9.646761114488116,5.264978632435273,2.7422618401604177,3.249615361854384,3.24037034920393,7.968688725254614,8.229823813423955,13.56502856613284,9
18523,22.263872080121192,13.116020738013493,5.962382074305537,3.5538711287833724,3.2893768406797053,6.388270501473776,11.2933608815091,22.202026934494068,14.41700384962146,10.93114815561476,5.671860364994893,2.8653097563788807,2.658947160061666,4.565084884205331,8.646964785403025,22.00499943194728,9
26737,2.582634314028992,12.311376852326468,2.6172504656604803,2.7676705006196096,3.8548670534792766,11.45512985522207,9.06311204829776,6.822023160324216,26.911893281595777,11.921409312660982,3.737646318206152,4.558508528016593,19.692638218379983,8.788629017087933,8.487048957087499,14.538913301894334,9
16594,48.11153707791926,25.652875082532173,11.18212859879549,5.921992907797172,5.011985634456667,11.437657102746174,17.864769799804307,43.077952597587554,29.448089921079774,23.862522917746983,10.972693379476162,4.655104724922953,4.496665431183423,11.040380428228003,14.98232291735831,46.44545187636783,9
4573,31.384868965793054,26.09367739510857,13.876238683447328,5.040833264451424,3.049590136395381,3.762977544445356,9.411163583744573,13.998214171814915,26.446360808247324,24.007290559328016,11.051696702316798,4.195235392680607,2.9120439557122078,9.048756820690896,11.503043075638724,13.42609399639374,9
11195,44.83491942671471,27.854263587465383,9.108786966440702,5.0039984012787215,5.0823223038292245,16.084153692376855,28.334254886973824,21.01404292372127,27.31977305908671,22.778279127273866,9.818350166906862,5.158488150611572,10.777754868245983,42.92411909404781,13.498148021117563,38.03472097965226,9
22892,13.679912280420512,7.901898506055364,3.111269837220809,2.32163735324878,3.1480152477394387,4.459820624195552,7.133722730804723,8.741853350405737,12.392336341465237,6.092618484691126,2.9,4.0274061131204535,4.289522117905444,7.5683551713698,7.411477585475112,17.566160650523493,9
17885,17.324837661577092,10.947145746723209,6.135144660071187,3.4292856398964493,2.771281292110204,5.217278984298233,7.549172140042907,18.976564494133285,14.155564276990162,12.339773093537822,5.221110992882645,3.263433774416144,3.0708305065568173,4.045985664828782,8.633655077659752,18.21537811850196,9
13444,33.413470337574935,11.06300140106653,8.07403244977378,4.602173399601541,7.865748533992171,38.23663165081359,15.6236999459155,13.244999056247607,17.27252152987513,12.96263862028098,10.35905401086412,4.985980344927164,5.546169849544819,3.315116890850155,5.802585630561604,28.057084666800293,9
1864,13.078608488673405,4.6872166581031856,1.8734993995195195,1.4966629547095769,3.392639090737475,4.170131892398609,6.794115100585211,15.275470532851026,8.802840450672726,4.38520238985614,2.5865034312755126,3.433656942677879,2.5199206336708304,3.8820097887563354,9.14713069765596,22.764885240211512,9
2512,16.986759549719896,5.536244214266564,2.349468024894146,1.7175564037317668,3.293933818400121,8.190848551890092,8.226177727231525,14.380194713563512,11.389468819923078,6.596969000988257,2.188606862823929,3.054504869860253,3.2264531609803355,5.956509044734172,11.46472851837321,23.57095670523367,9
24199,3.4641016151377544,33.57141641337166,8.314445261110329,27.90089604295891,5.709640969448079,18.341483037093813,6.070420084310475,8.226177727231525,28.07276260007198,26.300380225388377,8.912350980521358,5.2345009313209605,16.486357996840905,6.938299503480662,8.708616422830897,20.81513872161317,9
9374,15.608651447194276,6.711184694225007,2.3302360395462087,1.8708286933869709,1.905255888325765,2.479919353527449,2.932575659723036,5.7043842787806645,8.364209466530593,4.264973622427225,2.4083189157584592,1.9467922333931784,3.670149860700514,11.725186565679882,3.459768778401239,13.435400998853735,9
17560,30.677353210471075,18.196977771047585,9.873702446397704,5.189412298131649,3.966106403010388,7.109852319141376,11.28583182578936,24.96757897754606,16.300920219423197,14.701700581905484,6.131068422387733,3.351119216023208,3.0789608636681307,6.120457499239742,9.404254356406998,27.01036837956861,9
8824,34.1583079206216,12.56622457224126,3.830143600441112,2.6057628441590768,2.467792535850613,6.618912297349165,14.683323874382122,10.59056183589898,16.604818577750255,8.511169132381285,4.55411901469428,2.7748873851023217,4.734976240700686,27.514541609846965,8.737276463521113,20.39141976420475,9
3971,20.8585713796511,20.973554777385736,5.377731863899501,2.4083189157584592,1.8601075237738276,3.797367509209505,4.291852746774987,13.529966740535617,13.329291053915808,8.498235110892143,2.718455443813637,1.994993734326,1.6340134638368191,5.389805191284746,6.282515419798028,9.5,9
757,11.739250401963492,5.782732917920384,2.672077843177477,2.39791576165636,2.9546573405388314,7.977468270071652,7.611175993235211,12.24704045882106,16.11458966278695,6.211280061307813,3.1622776601683795,5.141011573610781,3.871692136521188,5.263078946776307,13.398880550254937,22.076231562474607,9
24196,3.4641016151377544,33.57141641337166,8.314445261110329,27.90089604295891,5.709640969448079,18.341483037093813,6.070420084310475,8.226177727231525,28.07276260007198,26.300380225388377,8.912350980521358,5.2345009313209605,16.486357996840905,6.938299503480662,8.708616422830897,20.81513872161317,9
20335,4.850773134253961,5.227810249043093,1.9157244060668015,1.5716233645501712,2.1400934559032696,1.8384776310850235,1.98997487421324,3.40587727318528,5.372150407425317,3.6606010435446255,2.2759613353482084,2.939387691339814,2.215851980616034,2.946183972531247,2.740437921208944,6.530696746902279,9
15899,22.852133379621257,13.7648102057384,6.989277502002621,2.90516780926679,2.533771891863985,5.520869496736904,9.156418513807678,19.41391253714717,12.008746812219831,13.757179943578551,6.726068688320095,2.882707061079915,2.5079872407968904,4.257933771208753,7.706490770772389,29.382988275531133,9
9453,26.79813426341468,7.719455939378111,3.3166247903554,1.8520259177452132,1.8894443627691184,4.610856753359402,10.00199980003999,10.111874208078342,7.372923436466705,4.241462012089699,2.9949958263743874,2.213594362117865,2.7766886753829643,14.681621163890588,3.778888725538237,11.06390527797486,9
4617,27.17167642969421,40.65476601826654,12.769886452118516,4.693612681080534,2.9631064780058107,3.5270384177096794,10.74569681314339,13.641114323983947,35.3,29.594256199472223,8.615683373940804,4.052159917870962,3.031501278244824,11.433284742365162,10.541821474489122,17.24673882216577,9
1042,18.882531609929853,8.309031231136396,2.9546573405388314,2.4979991993593598,2.8495613697550013,6.649060083951716,10.043405796840034,18.41222420024262,19.328735085359316,11.249888888340188,4.663689526544408,6.195966429863868,4.171330722922842,8.103702857336268,17.067805951556867,31.799842766906885,9
20364,4.850773134253961,5.227810249043093,1.9157244060668015,1.5716233645501712,2.1400934559032696,1.8384776310850235,1.98997487421324,3.40587727318528,5.372150407425317,3.6606010435446255,2.2759613353482084,2.939387691339814,2.215851980616034,2.946183972531247,2.740437921208944,6.530696746902279,9
8519,33.50462654619508,17.43301465610581,7.1449282711585,4.183300132670378,3.9749213828703582,10.213716267842964,18.594085081014335,13.332291625973385,29.946118279336304,20.59732992404598,9.503683496413377,4.601086828130937,9.597395480024776,36.13114999553709,11.582745788456206,34.46969683649684,9
29178,27.09483345584541,15.691398917878546,5.387949517209678,2.677685567799177,3.122498999199199,3.746998799039039,9.403190947758109,13.922284295330275,20.933943727831124,9.293008124391154,3.939543120718442,2.2561028345356955,2.6267851073127395,8.549853799919621,6.896375859826668,14.508273501695507,9
28181,7.563068160475615,2.703701166919154,1.9390719429665315,1.469693845669907,1.6733200530681511,2.0371548787463363,4.057092555020159,8.337865434270332,6.390618123468183,3.0724582991474434,1.96468827043885,1.5264337522473748,1.697056274847714,5.060632371551998,2.511971337416094,6.193545026880809,9
22846,13.679912280420512,7.901898506055364,3.111269837220809,2.32163735324878,3.1480152477394387,4.459820624195552,7.133722730804723,8.741853350405737,12.392336341465237,6.092618484691126,2.9,4.0274061131204535,4.289522117905444,7.5683551713698,7.411477585475112,17.566160650523493,9
8885,34.1583079206216,12.56622457224126,3.830143600441112,2.6057628441590768,2.467792535850613,6.618912297349165,14.683323874382122,10.59056183589898,16.604818577750255,8.511169132381285,4.55411901469428,2.7748873851023217,4.734976240700686,27.514541609846965,8.737276463521113,20.39141976420475,9
9459,26.79813426341468,7.719455939378111,3.3166247903554,1.8520259177452132,1.8894443627691184,4.610856753359402,10.00199980003999,10.111874208078342,7.372923436466705,4.241462012089699,2.9949958263743874,2.213594362117865,2.7766886753829643,14.681621163890588,3.778888725538237,11.06390527797486,9
2093,10.11236866416568,3.824918299781056,2.0,1.6583123951777,1.9544820285692064,5.543464620614079,7.460562981437794,11.697435616407557,11.770726400694224,5.346026561849464,2.1283796653792764,3.0133038346638727,2.826658805020514,5.042816673249187,9.682974749528164,22.093437939804662,9
10704,11.658902178164118,8.18413098624405,3.0512292604784714,1.835755975068582,2.029778313018444,4.581484475582123,5.504543577809154,6.157921727336261,6.680568838055634,4.075536774462966,2.222611077089287,2.213594362117865,5.195190083144215,16.253307355735323,3.069201850644561,10.44317959244214,9
7309,14.231654858097142,7.778817390837761,6.4645185435575945,2.8035691537752374,1.783255450012701,1.6217274740226857,3.0446674695276656,14.058805070133095,13.105342422081156,14.754999152829525,10.88622983406101,3.54682957019364,1.857417562100671,5.291502622129181,3.830143600441112,11.28937553631732,9
28804,10.40576763146285,4.50111097397076,2.360084744241189,1.7663521732655694,1.8193405398660247,3.235737937472688,9.96393496566492,6.121274377121156,9.624448036121343,4.57493169347915,2.5,1.9,1.9748417658131496,8.165782265037441,5.110772935672255,5.570457790882182,9
6827,26.70692794014317,27.390509305231987,10.24255827418131,3.5651086939951777,2.5317977802344327,2.9832867780352594,6.8249542123006215,11.06390527797486,21.835979483412235,16.70359242797788,7.22841614740048,2.9647934160747185,2.8106938645110398,8.766413177577247,10.992270011239716,10.535653752852738,9
1390,16.38474900631682,6.461423991660043,2.6019223662515376,2.224859546128699,4.707440918375928,5.220153254455275,12.23233420079749,20.19232527471762,18.876440342395068,7.718160402582988,3.439476704383968,4.728636167014756,3.157530680769389,7.087312607751968,14.787832836490953,31.88730154779485,9
10789,11.658902178164118,8.18413098624405,3.0512292604784714,1.835755975068582,2.029778313018444,4.581484475582123,5.504543577809154,6.157921727336261,6.680568838055634,4.075536774462966,2.222611077089287,2.213594362117865,5.195190083144215,16.253307355735323,3.069201850644561,10.44317959244214,9
20774,4.21070065428546,6.847627326307997,2.1977260975835917,1.697056274847714,1.9364916731037085,1.7748239349298849,1.8248287590894656,3.1240998703626617,4.55521678957215,3.4146742157927745,2.340939982143925,2.04939015319192,1.8110770276274832,2.355843797877949,2.9563490998188966,7.853024894905148,9
24937,2.3302360395462087,6.820557161991974,3.606937759374287,3.283291031876401,4.018706259482023,12.19426094521517,2.8442925306655784,5.972436688655645,16.667633305301624,11.660617479361887,5.180733538795447,2.947880594596735,14.617797371697284,2.85482048472404,6.558200972827838,20.08706051168264,9
20551,13.209844813622906,10.709341716464182,3.408812109811862,2.1400934559032696,2.753179979587241,4.6475800154489,9.182047701901793,9.229301165310403,9.646761114488116,5.264978632435273,2.7422618401604177,3.249615361854384,3.24037034920393,7.968688725254614,8.229823813423955,13.56502856613284,9
3259,10.91512711790385,3.163858403911275,1.7549928774784245,1.5066519173319364,1.7492855684535902,5.112729212465687,6.130252849597641,12.393546707863734,8.50764362206128,3.5256205127608387,1.8681541692269408,2.513961017995307,2.445403852127497,4.496665431183423,9.08019823572151,22.48288237748888,9
11685,43.84039233401088,16.792855623746664,9.087353850269064,5.806031346797914,8.602325267042627,46.23775513581947,17.752464617624224,14.018915792599657,28.63616594448356,16.891713945008657,13.840158958624716,6.626462102811725,8.063498000247783,5.376802023508025,8.17129120763665,39.95597577334334,9
28944,17.667201249773548,7.256031973468694,2.819574435974337,1.841195263952197,1.98997487421324,2.2605309110914638,6.816157275180789,7.508661665037252,18.15654152089544,8.531705573916625,3.840572873934304,1.8027756377319943,2.0,6.721606950722424,7.197221686178632,11.338871196022998,9
12759,26.850139664441222,5.496362433464518,2.961418578992169,2.727636339397171,2.8635642126552705,18.913751610931133,8.777812939451376,7.355949972641195,12.32842244571462,5.975784467331465,5.321653878260029,2.8284271247461903,2.592296279363144,2.4515301344262523,3.4132096331752027,18.648592440181645,9
10794,11.658902178164118,8.18413098624405,3.0512292604784714,1.835755975068582,2.029778313018444,4.581484475582123,5.504543577809154,6.157921727336261,6.680568838055634,4.075536774462966,2.222611077089287,2.213594362117865,5.195190083144215,16.253307355735323,3.069201850644561,10.44317959244214,9
26305,2.3345235059857505,3.286335345030997,2.511971337416094,2.282542442102665,2.4576411454889016,9.451454914456292,1.7492855684535902,4.57493169347915,4.420407221060069,6.307931515164063,3.6013886210738213,2.0518284528683197,10.565983153497832,1.783255450012701,2.72213151776324,7.262231062146123,9
24864,2.3302360395462087,6.820557161991974,3.606937759374287,3.283291031876401,4.018706259482023,12.19426094521517,2.8442925306655784,5.972436688655645,16.667633305301624,11.660617479361887,5.180733538795447,2.947880594596735,14.617797371697284,2.85482048472404,6.558200972827838,20.08706051168264,9
22141,11.573677030226824,5.551576352712804,2.6095976701399777,2.238302928559939,2.6172504656604803,1.841195263952197,2.4738633753705965,7.576278769950324,6.88839603971781,4.711687595755898,2.5019992006393608,2.449489742783178,2.181742422927143,2.1656407827707715,4.634652090502587,15.57594298910984,9
11149,44.83491942671471,27.854263587465383,9.108786966440702,5.0039984012787215,5.0823223038292245,16.084153692376855,28.334254886973824,21.01404292372127,27.31977305908671,22.778279127273866,9.818350166906862,5.158488150611572,10.777754868245983,42.92411909404781,13.498148021117563,38.03472097965226,9
8997,32.596472201758274,19.17420141752975,7.360706487831178,4.202380277890139,3.9496835316263,9.765244492586962,19.061741788199736,14.811144452742331,21.55365398256175,14.59246380841837,7.029224708315989,3.63318042491699,6.479969135728966,31.96685783745409,9.006664199358163,24.415568803531897,9
15883,22.852133379621257,13.7648102057384,6.989277502002621,2.90516780926679,2.533771891863985,5.520869496736904,9.156418513807678,19.41391253714717,12.008746812219831,13.757179943578551,6.726068688320095,2.882707061079915,2.5079872407968904,4.257933771208753,7.706490770772389,29.382988275531133,9
14275,48.823457476913696,27.68700055982952,15.046926596484743,7.469939758793239,14.594519519326424,65.4784697438784,15.163113136819891,22.512218904408336,40.20149250960716,36.34803983710814,30.006832555269806,10.246950765959598,11.600431026474835,7.050531894828929,11.324310133513652,44.99099909981996,9
6470,51.571503759343685,40.64873921784044,18.86610717662761,5.763679380395825,6.7468511173732,8.756140702387096,21.05848997435476,15.630738946063936,45.53097846521641,31.589555235868705,18.19587865424476,6.754257916307313,13.237446883746124,17.82133552795637,21.84742547761635,31.179640793312547,9
2111,10.11236866416568,3.824918299781056,2.0,1.6583123951777,1.9544820285692064,5.543464620614079,7.460562981437794,11.697435616407557,11.770726400694224,5.346026561849464,2.1283796653792764,3.0133038346638727,2.826658805020514,5.042816673249187,9.682974749528164,22.093437939804662,9
23790,2.262741699796952,22.68171069386081,3.830143600441112,6.566582063752802,1.876166303929372,2.973213749463701,1.9570385790780929,4.571651780264984,19.643574012892863,12.482788150088906,4.288356328478313,2.073644135332772,2.102379604162864,1.7262676501632068,2.420743687382041,7.339618518697003,9
13866,39.94208307036577,22.234882504749155,11.095494581135174,4.883646178829912,18.2931681236466,30.54684926469504,5.649778756730214,13.943815833551444,23.470619932161995,26.923967018253457,22.180171324856804,10.369185117452576,15.329057374802929,5.158488150611572,5.510898293381942,29.263287580174584,9
7111,46.79668791698831,34.14483855577589,13.46365477869958,4.662617290749907,3.298484500494129,4.201190307520001,13.35365118609888,14.660832172833846,45.44447161096716,28.47174037532655,14.63249807790864,5.302829433425141,7.071067811865476,13.741178988718543,14.640013661195812,27.711369507839198,9
16941,9.536770941990795,5.167204273105526,3.713488925525428,1.7,1.865475810617763,1.8,2.8407745422683583,11.471268456452409,5.418486873657627,10.458011283222064,4.226109321823087,2.2671568097509267,1.8083141320025125,2.6172504656604803,4.611941023040083,12.340583454602136,9
14085,40.152334925879465,17.66097392557953,8.5492689745966,4.511097427455985,4.9,37.53984549781738,19.979989989987484,17.795224078386877,26.18262782839033,20.586160399647135,13.742998217274131,4.524378410345448,5.707013229352111,6.176568626672903,12.942565433483423,35.15209808816538,9
21982,16.258228685807072,8.801704380402695,3.6138621999185294,2.6172504656604803,3.5270384177096794,2.6739483914241875,3.745664160065608,9.67832630158748,11.6,6.765352910233139,3.093541659651604,4.726520919238589,4.944694126030447,2.831960451701259,4.256759330758553,17.811793845651817,9
18537,22.263872080121192,13.116020738013493,5.962382074305537,3.5538711287833724,3.2893768406797053,6.388270501473776,11.2933608815091,22.202026934494068,14.41700384962146,10.93114815561476,5.671860364994893,2.8653097563788807,2.658947160061666,4.565084884205331,8.646964785403025,22.00499943194728,9
31223,20.314280691178805,14.469968901141426,5.076416058598822,2.479919353527449,2.85482048472404,3.831448812133603,10.108906963663282,11.513470371699404,20.691302520624458,7.6609398901179215,3.1496031496047245,2.3345235059857505,3.4971416900091423,9.927738916792686,9.494735383358506,13.147243057006284,9
21779,13.218169313486644,8.250454532933322,3.0805843601498726,2.2068076490713917,3.1496031496047245,2.29128784747792,3.845776904605882,9.603645141299214,13.17269904006009,6.463745044476925,3.0903074280724887,4.362338822237447,4.6604720790924175,2.72213151776324,7.481310045707236,20.84610275327261,9
5492,50.5796401727019,29.9866637023861,10.071246198956713,4.536518488885502,3.2388269481403293,5.0774009099144415,7.615773105863909,16.282505949638097,43.62648278282355,22.296412267447877,12.432216214336044,4.786439177509728,3.120897306865447,6.4598761598036845,6.577993615077473,25.8476304523258,9
21005,9.28654941299512,5.06655701635736,2.253885533916929,1.8303005217723127,2.7073972741361767,2.04939015319192,2.029778313018444,4.828043081829324,7.416872656315463,4.306971093471606,2.2847319317591723,3.7868192457522976,3.3105890714493698,2.2737634001804143,2.884441020371192,10.82866566110525,9
7043,49.95137635741381,38.58535991797925,16.537533068750008,5.911852501542981,3.3211443810831227,4.170131892398609,15.051245795614395,15.721959165447544,48.20539388906599,40.14423993551255,19.9,5.85405842130056,3.652396473549935,12.475576139000555,17.67059704707229,27.432280255202997,9
24957,2.3302360395462087,6.820557161991974,3.606937759374287,3.283291031876401,4.018706259482023,12.19426094521517,2.8442925306655784,5.972436688655645,16.667633305301624,11.660617479361887,5.180733538795447,2.947880594596735,14.617797371697284,2.85482048472404,6.558200972827838,20.08706051168264,9
20057,19.48512252976614,10.666302077102449,6.038211655780211,2.615339366124404,2.211334438749598,3.328663395418648,4.849742261192857,14.103900169811183,10.348429832588131,10.319399207318224,4.920365840057018,2.379075450674064,1.91049731745428,2.0,7.205553413860729,21.017135865764395,9
25493,2.6627053911388696,5.738466694161429,3.093541659651604,7.535250493513803,4.283689998120779,13.290974381135491,3.1749015732775088,5.601785429664367,18.636254988596825,11.45294721894762,4.655104724922953,4.849742261192857,18.689034217957865,5.040833264451424,6.746109990209172,18.002777563476144,9
21635,7.467261881037787,4.147288270665544,1.9026297590440449,2.186321110907545,2.395829710142188,1.8601075237738276,2.7892651361962706,4.407947368106838,4.571651780264984,2.590366769397724,2.1283796653792764,3.624913792078372,2.9274562336608896,2.657066051117285,3.4452866353904428,10.82774214691133,9
20868,2.7549954627911823,2.596150997149434,1.992485884517128,1.7233687939614086,2.3853720883753127,1.7320508075688772,1.2688577540449522,1.6431676725154984,3.4307433596816885,2.4083189157584592,1.944222209522358,4.038564101261734,3.754996671103717,1.6852299546352716,1.905255888325765,4.70425339453563,9
10935,34.2,16.787495346239115,7.33143914930759,4.29767378938886,4.252058325093859,13.339040445249426,20.981896959045432,13.161306925985732,24.677925358506133,21.0449518887547,10.292230079045066,5.246903848937962,10.02297361066066,41.33920657196991,14.401041628993369,30.05228776649125,9
4207,20.700966161027363,22.639125424803847,7.692853826766761,2.9597297173897483,1.8708286933869709,2.029778313018444,2.56124969497314,11.572380913191546,16.069225245792033,15.129111011556494,8.978307190111062,3.170173496829472,2.1095023109728985,2.6076809620810595,4.177319714841085,8.738993077008358,9
12582,48.22955525401411,24.519584009521857,12.43864944437297,5.150728103870365,17.66069081321566,48.75828134789002,12.656223765404908,25.994614826921364,34.33584133234542,27.39269975741712,19.429616568527543,10.776363022838456,13.660893089399387,7.253964433328853,10.200490184299968,39.37613490427927,9
20598,12.428193754524427,7.443117626371358,2.7640549922170505,1.7888543819998317,2.449489742783178,3.7013511046643495,6.925315877272314,7.481978348003955,9.29569792968769,5.204805471869242,2.445403852127497,2.455605831561735,2.7129319932501077,8.857764955111419,6.387487769068525,14.984992492490612,9
15638,19.56808626309686,12.87206277175496,4.861069841094653,3.248076353782343,2.86705423736629,4.692547282660026,9.188035698668132,18.17113094994365,15.206248715577422,9.813765841918178,4.923413450036469,3.3256578296631782,3.207802986469088,5.049752469181039,8.629600222490032,27.241879523997607,9
3627,14.502758358326185,5.707889277132134,2.937686164313676,2.027313493271329,2.282542442102665,7.874007874011811,9.819877799647,17.607100840286,12.84678948220138,5.6471231613982,2.630589287593181,3.694590640382233,3.2680269276736382,6.26418390534633,13.829678231976333,29.30102387289564,9
22543,13.507775538555562,6.884765791223402,2.6551836094703507,2.3323807579381204,3.529872518944558,2.513961017995307,3.906404996924922,8.604068804931769,9.38083151964686,4.661544808322666,2.5099800796022267,4.1303752856126765,4.570557952810575,4.290687590584987,4.257933771208753,19.174722944543426,9
11685,43.84039233401088,16.792855623746664,9.087353850269064,5.806031346797914,8.602325267042627,46.23775513581947,17.752464617624224,14.018915792599657,28.63616594448356,16.891713945008657,13.840158958624716,6.626462102811725,8.063498000247783,5.376802023508025,8.17129120763665,39.95597577334334,9
20582,12.428193754524427,7.443117626371358,2.7640549922170505,1.7888543819998317,2.449489742783178,3.7013511046643495,6.925315877272314,7.481978348003955,9.29569792968769,5.204805471869242,2.445403852127497,2.455605831561735,2.7129319932501077,8.857764955111419,6.387487769068525,14.984992492490612,9
30376,15.335905581347324,12.42215762257105,4.141255848169731,2.220360331117452,2.355843797877949,2.91032644217105,5.36935750346352,7.594076639065476,15.47320264198721,5.456189146281496,2.7748873851023217,2.1047565179849186,2.549509756796392,13.481839637082173,4.39089968002003,9.44351629426243,9
31776,18.76805797092496,10.29514448660144,4.628174586162454,2.297825058615212,2.258317958127243,2.6851443164195103,9.201086892318754,10.937092849564731,15.210522673465237,7.987490219086343,3.2295510523910287,2.188606862823929,2.118962010041709,9.95339138183564,10.197548725061331,10.42688831818966,9
18627,6.386704940734306,3.997499218261337,3.260368077380221,1.7492855684535902,1.7233687939614086,1.5099668870541498,2.5099800796022267,5.142956348249516,8.161494961096281,9.354143466934854,4.108527716834828,1.9798989873223327,1.797220075561143,1.752141546793523,3.0512292604784714,11.717934971657762,9
20289,4.850773134253961,5.227810249043093,1.9157244060668015,1.5716233645501712,2.1400934559032696,1.8384776310850235,1.98997487421324,3.40587727318528,5.372150407425317,3.6606010435446255,2.2759613353482084,2.939387691339814,2.215851980616034,2.946183972531247,2.740437921208944,6.530696746902279,9
14132,40.152334925879465,17.66097392557953,8.5492689745966,4.511097427455985,4.9,37.53984549781738,19.979989989987484,17.795224078386877,26.18262782839033,20.586160399647135,13.742998217274131,4.524378410345448,5.707013229352111,6.176568626672903,12.942565433483423,35.15209808816538,9
9465,26.79813426341468,7.719455939378111,3.3166247903554,1.8520259177452132,1.8894443627691184,4.610856753359402,10.00199980003999,10.111874208078342,7.372923436466705,4.241462012089699,2.9949958263743874,2.213594362117865,2.7766886753829643,14.681621163890588,3.778888725538237,11.06390527797486,9
2293,18.28168482388864,8.154140052758475,3.4698703145794942,2.2181073012818837,4.878524367060187,11.115304764152892,12.529964086141668,15.522886329545804,16.725130791715802,7.635443667528429,3.1654383582688825,4.854894437575342,4.365775990588615,7.908223567907018,12.604364323519055,29.683328654313687,9
23440,11.067971810589327,5.244997616777343,2.477902338672773,2.295648056649799,3.5114099732158874,2.569046515733026,4.498888751680797,7.636753236814713,11.3758516164725,5.51633936592012,2.649528259898354,4.395452195167183,4.054626986542659,3.655133376499413,4.985980344927164,17.551068343551055,9
18772,21.8302542358077,16.437761404765553,7.685050422736339,3.9102429592034302,3.1859064644147983,4.242640687119285,8.424962907930219,15.278743403827423,19.1020941260376,15.326121492406354,6.389053137985315,3.6345563690772495,3.5637059362410923,5.029910535983717,8.845337754998392,23.518290754219365,9
1227,11.232542009714454,4.537620521815371,2.2,1.9544820285692064,2.716615541441225,7.506663706334526,7.808328886515987,11.87981481337146,11.205355862265153,5.911852501542981,2.379075450674064,3.973663297261105,3.2588341473600644,5.5605755097831375,11.388590782006348,22.38928315065045,9
17468,42.17119870243197,26.62085648509454,9.5420123663722,5.75065213693195,4.640043103248073,7.802563681252464,12.990765951243985,35.00557098520177,28.903978964841503,18.977091452590937,6.99571297295708,4.063249930782009,4.058324777540605,7.549172140042907,16.42498097411379,42.17309568907647,9
2478,6.974955196988724,3.257299494980466,2.4596747752497685,2.515949125081825,2.2427661492005804,3.903844259188627,9.198912979260104,11.764352935882194,8.993886812718959,4.836320915737499,4.0877866871939394,2.4515301344262523,2.8896366553599777,6.374166612193315,15.90440190639057,20.783406842960083,10
7345,5.405552700695831,2.8774989139876315,6.332456079595025,2.12367605815953,1.5937377450509227,1.688194301613413,1.876166303929372,8.131420540102448,2.349468024894146,3.823610858861032,10.033942395688744,3.271085446759225,1.752141546793523,1.705872210923198,1.688194301613413,2.2181073012818837,10
13790,34.779160426899324,17.652761823578768,4.665833258915282,2.80713376952364,2.6267851073127395,12.154011683390795,19.713447187135998,10.067770358922576,15.421737904659125,17.014699527173555,6.956292115775472,4.39089968002003,3.3256578296631782,6.1757590626578045,5.869412236331676,22.974986398254952,10
13797,34.779160426899324,17.652761823578768,4.665833258915282,2.80713376952364,2.6267851073127395,12.154011683390795,19.713447187135998,10.067770358922576,15.421737904659125,17.014699527173555,6.956292115775472,4.39089968002003,3.3256578296631782,6.1757590626578045,5.869412236331676,22.974986398254952,10
34222,5.540758070878027,3.5114099732158874,1.9570385790780929,1.6401219466856725,1.82208671582886,1.503329637837291,1.8708286933869709,8.322860085331243,3.2264531609803355,2.3430749027719964,1.743559577416269,1.6,1.2806248474865698,1.5,1.746424919657298,3.54400902933387,10
28027,2.727636339397171,12.733420593069248,4.774934554525329,3.054504869860253,2.177154105707724,3.685105154537656,2.9765752132274432,6.555150646628954,13.70109484676316,22.826957747365284,5.332916650389353,2.683281572999748,3.836665218650176,4.326661530556787,5.501817881391568,12.35677951571525,10
21551,5.055689863905815,2.2181073012818837,1.977371993328519,1.6462077633154328,1.6822603841260722,1.5362291495737217,1.9672315572906005,7.475961476626267,2.2737634001804143,1.7320508075688772,1.7804493814764857,1.977371993328519,1.6583123951777,1.5231546211727816,2.1587033144922905,6.003332407921453,10
12402,32.96316125616595,15.61793840428371,3.487119154832538,2.692582403567252,13.206437824031129,11.92644121270046,17.883511959344002,10.62779375035101,21.276277869965885,6.862943974709396,3.7643060449437424,7.471947537289057,10.466135867644754,6.142475071174485,4.93051721424842,23.837994882120437,10
1665,5.736723803705386,2.7658633371878665,2.06881608655772,1.3,1.42828568570857,3.1780497164141406,2.414539293529927,4.982971001320397,3.5832945734337835,3.4641016151377544,1.8814887722226776,1.4422205101855958,1.6,2.4269322199023198,3.1144823004794877,4.164132562731402,10
25213,3.717526059088221,1.6031219541881396,1.5968719422671311,1.3453624047073711,1.4247806848775006,1.7748239349298849,2.222611077089287,2.2891046284519194,2.1,1.9748417658131496,1.7691806012954132,1.7262676501632068,1.7204650534085253,1.5620499351813308,2.513961017995307,3.850973902793941,10
13797,34.779160426899324,17.652761823578768,4.665833258915282,2.80713376952364,2.6267851073127395,12.154011683390795,19.713447187135998,10.067770358922576,15.421737904659125,17.014699527173555,6.956292115775472,4.39089968002003,3.3256578296631782,6.1757590626578045,5.869412236331676,22.974986398254952,10
31771,8.70804225988827,4.419275958796871,2.2068076490713917,1.7320508075688772,2.0445048300260877,1.5231546211727816,2.3811761799581315,9.122499657440388,6.435060217278467,2.7730849247724096,1.8110770276274832,1.63707055437449,1.42828568570857,2.1400934559032696,1.9235384061671343,5.43323108288245,10
5631,24.906424873915565,28.07454362941631,16.672432336045034,5.127377497317708,2.1400934559032696,2.749545416973504,3.562302626111375,19.80858399785305,16.884608375677534,31.617400272634686,24.76348117692664,6.991423317179415,4.550824101193101,3.993745109543172,9.2655275079188,14.076576288288283,10
3741,13.249905660041508,4.913247398615299,2.778488797889961,2.2693611435820435,1.9261360284258224,3.6386810797320495,7.0306471963824215,12.736954109990346,7.713624310270756,5.694734409961539,4.135214625627067,2.360084744241189,2.353720459187964,3.896151947755632,11.84229707446997,19.16063673263496,10
82,23.748473635162323,17.334647386087784,4.032369030731191,2.073644135332772,1.6941074346097416,4.104875150354759,4.476605857119878,8.477617589865682,17.49885710553692,6.276145313805282,2.487971060924946,2.4758836806279896,2.102379604162864,3.5749125863438955,7.71167945391923,17.35569070938982,10
19427,8.005623023850173,3.026549190084311,2.184032966784156,1.7349351572897471,1.7578395831246945,2.0322401432901573,2.4819347291981715,8.832893070789433,3.690528417449187,2.29128784747792,1.8083141320025125,1.7663521732655694,1.489966442575134,1.5905973720586866,3.2109188716004646,8.432674546073743,10
17254,21.172859986312663,8.514693182963201,3.749666651850535,3.003331483536241,3.251153641401772,6.518435395092905,10.560776486603626,20.516822366048796,9.829547293746543,4.782258880487337,3.334666400106613,2.7892651361962706,2.395829710142188,5.598214000911362,7.054076835419359,23.18081102981516,10
29612,2.714774392099645,17.43100685560074,4.453088815642463,3.1859064644147983,2.389560629069704,2.4,3.234192325759246,5.68946394662977,14.555067845942869,17.288435441068692,5.086255990411808,2.9359836511806394,3.0,3.2619012860600183,5.136146415358503,10.877959367454908,10
3148,10.613670430157514,4.70425339453563,3.138470965295043,2.428991560298224,2.364318083507378,5.330103188494571,10.700467279516348,13.612861565446114,12.601983970788092,5.438749856354859,4.057092555020159,2.414539293529927,2.939387691339814,8.3,17.175564037317667,28.825856448681623,10
19678,8.66083136886985,5.490901565316938,2.8861739379323623,1.835755975068582,1.91049731745428,2.188606862823929,3.928103868280471,9.364293886887577,7.569676347110224,8.59127464349732,4.353159771935784,2.12367605815953,1.7175564037317668,2.130727575266252,8.080222769206305,12.567418191498204,10
1882,2.39165214862028,2.596150997149434,2.039607805437114,1.3453624047073711,1.2767145334803705,1.63707055437449,5.788782255362522,4.312771730569565,3.713488925525428,4.661544808322666,2.3685438564654024,1.606237840420901,1.6703293088490063,2.929163703175362,9.968951800465282,4.34856298103178,10
27488,2.543619468395381,6.3608175575157,2.8930952282978866,2.23159136044214,1.711724276862369,1.857417562100671,1.8384776310850235,5.355371135598354,18.015826375717545,14.072668545801823,5.25452186216786,2.2693611435820435,2.2891046284519194,2.2068076490713917,4.167733196834941,8.948184173339303,10
5351,19.72308292331602,22.94972766722952,22.76444596294845,5.936328831862332,3.2295510523910287,3.171750305430741,4.381780460041329,21.24217502987865,17.39310208099751,30.10847056892794,28.84059638773096,9.543060305792896,6.614378277661476,4.154515615568198,9.04267659490264,13.635981812836214,10
29198,2.495996794869737,22.59823001918513,5.715767664977295,2.80178514522438,2.213594362117865,3.4452866353904428,3.569313659514949,5.6471231613982,20.729930052945186,21.26334874849209,5.877074101966046,3.087069808086626,5.4671747731346585,3.443835071544513,4.833218389437829,9.495261976375376,10
10028,22.648178734723903,13.521464417732275,4.076763422127902,2.570992026436488,3.120897306865447,4.857983120596447,10.0269636480841,9.202173656261872,12.917430084966592,6.692533152700851,3.0446674695276656,4.588027898781785,5.56506963119061,12.549103553640794,7.624303246854758,18.633035179487,10
23704,9.482088377567464,5.343220002957018,2.658947160061666,1.7378147196982767,1.7776388834631178,2.572936066053721,2.6457513110645907,5.821511831131154,6.121274377121156,5.55607775323564,3.488552708502481,2.137755832643195,2.6888659319497505,2.412467616362964,4.325505750776434,15.803797012110728,10
22850,13.41081652995074,6.64529909033446,2.295648056649799,2.039607805437114,3.45108678534748,3.054504869860253,5.061620293937506,9.15532631859728,10.288342918079666,6.135144660071187,3.9331920878594273,6.708203932499369,5.608029957123981,4.10731055558257,5.155579501860096,13.915459029439164,10
29692,2.714774392099645,17.43100685560074,4.453088815642463,3.1859064644147983,2.389560629069704,2.4,3.234192325759246,5.68946394662977,14.555067845942869,17.288435441068692,5.086255990411808,2.9359836511806394,3.0,3.2619012860600183,5.136146415358503,10.877959367454908,10
11515,17.983047572644633,12.295934287397603,4.609772228646444,2.3811761799581315,4.274342054632502,3.5930488446443363,4.222558466143482,7.707139547199077,12.873228033403278,7.402702209328699,2.9765752132274432,4.376071297408213,4.377213725647858,4.418144406874904,4.173727350941841,8.971064596802321,10
21258,3.861346915261565,2.151743479135001,1.6401219466856725,1.6552945357246849,1.6401219466856725,1.5716233645501712,2.0445048300260877,7.830708780180757,2.3388031127053,1.70293863659264,1.688194301613413,1.772004514666935,1.6340134638368191,1.469693845669907,1.8138357147217052,4.979959839195493,10
1744,1.9390719429665315,3.263433774416144,2.467792535850613,1.5132745950421556,1.2806248474865698,1.445683229480096,4.496665431183423,4.516635916254486,3.036445290137796,7.703246069028303,3.3763886032268267,1.6278820596099706,1.4594519519326423,1.9849433241279208,5.173973328110612,2.071231517720798,10
14608,25.324888943487984,13.464768843169942,2.7802877548915688,2.4,2.2181073012818837,5.040833264451424,15.139022425506871,9.08845421400141,17.394539373033137,11.035397591387452,4.283689998120779,3.278719262151,2.6608269391300143,5.650663677834666,5.387021440462252,19.25928347576825,10
27070,2.4,4.262628297189424,2.8495613697550013,3.594440151122286,1.7492855684535902,1.9261360284258224,1.8788294228055933,5.919459434779497,9.716480844420987,8.255301327026167,3.234192325759246,1.6217274740226857,2.0248456731316584,2.1213203435596424,3.459768778401239,10.25377979088687,10
11085,11.308403954581742,7.832624081366347,2.7549954627911823,1.7378147196982767,2.6664583251946765,3.357082066318904,2.08806130178211,5.130302135352264,10.22692524662227,5.274466797696237,2.6057628441590768,3.442382895611701,6.691038783328042,2.9017236257093817,2.86879765755621,8.367795408588812,10
10208,12.511994245522974,8.276472678623424,2.7694764848252458,1.6492422502470645,2.0591260281974,2.701851217221259,2.99833287011299,7.000714249274855,8.537564055396597,4.802082881417188,2.258317958127243,3.0708305065568173,2.6514147167125706,6.962039930939782,3.504283093587046,7.263607918933951,10
30186,2.0445048300260877,6.761656601750786,2.186321110907545,2.1260291625469296,1.6,1.5362291495737217,1.4798648586948742,3.896151947755632,8.001249902359005,5.779273310719955,2.7,1.5556349186104046,1.9157244060668015,1.4387494569938155,2.080865204668481,5.608029957123981,10
19881,16.57105910918189,15.045597362683877,5.303772242470448,3.3600595232822883,3.398529093593286,5.144900387762624,8.875246475450696,16.36734553921313,9.60885008728932,6.714164132637808,3.5538711287833724,3.708099243547832,3.778888725538237,3.64828726939094,7.184010022264724,12.893409169028958,10
13153,39.28460258167314,12.812493902437572,3.67967389859482,2.794637722496424,2.9765752132274432,10.027462291128298,22.972810015320285,10.26352765865616,17.22585266394671,15.636495771111887,5.129327441292864,4.624932431938871,6.230569797378085,8.02932126645833,9.2255081160877,26.91653766738954,10
13747,27.29780210932741,14.193308282426615,2.9647934160747185,2.3579652245103198,2.3579652245103198,10.120770721639731,16.28158468945821,8.114185110040317,16.462381358722073,12.196310917650468,3.598610843089316,3.670149860700514,3.0116440692751194,6.094259594077036,5.054700782440045,25.67586415293553,10
14029,34.51057808846441,25.34284909002932,4.747630988187687,3.0724582991474434,2.842534080710379,9.992997548283498,20.27708065772783,8.545174076635302,18.251849221380283,19.22238278674109,6.021627686929839,4.853864439804639,3.983716857408418,6.816157275180789,6.3118935352238,26.581572564466537,10
28258,2.455605831561735,10.145935146648632,3.2924155266308657,2.3065125189341598,1.7578395831246945,1.8814887722226776,2.4474476501040834,5.762811813689564,12.948358969382951,18.941752822798637,4.580392996239515,2.3302360395462087,2.6514147167125706,2.6267851073127395,4.089009660052175,13.03802132227126,10
11377,21.252999788265186,20.96520927632253,6.630987860040161,3.2526911934581184,4.309292285283049,4.252058325093859,6.216108107168021,9.517352573063585,19.122499836579944,9.779059259458448,3.2310988842807022,4.418144406874904,3.9408120990476063,6.435837163881635,7.856844150166147,14.86539605930498,10
21145,5.21344415909483,2.0663978319771825,1.994993734326,1.6093476939431082,1.7088007490635062,1.6522711641858303,2.3302360395462087,8.455767262643882,2.4,1.8193405398660247,1.7549928774784245,1.8303005217723127,1.794435844492636,1.4560219778561037,2.0024984394500787,5.441507144165116,10
29157,2.9017236257093817,24.40245889249688,8.49352694703443,4.471017781221631,2.9189039038652846,3.5057096285916205,5.047771785649585,6.452131430775415,30.476548360993903,19.446850644770223,6.263385665915839,4.016217125604641,4.505552130427524,4.0853396431631,6.434283176858165,11.676472069936192,10
26067,2.5,15.956190021430556,4.011234224026316,2.624880949681337,2.570992026436488,6.168468205316454,5.397221507405454,4.670117771534247,23.47083296348896,12.912784362793332,3.672873534441392,2.714774392099645,8.576712656956627,6.346652661048973,7.755643106796495,11.47214016650773,10
4136,7.122499561249548,2.9120439557122078,1.5132745950421556,1.374772708486752,1.794435844492636,2.4738633753705965,4.018706259482023,4.380639222761902,4.626013402488151,2.4617067250182343,1.9287301521985911,2.6,1.6031219541881396,2.694438717061496,3.686461718233352,5.733236433289665,10
3282,13.10152662860325,5.310367218940701,3.459768778401239,2.7549954627911823,2.947880594596735,5.610704055642215,12.206555615733702,14.973977427524058,12.46876096490746,6.841052550594828,5.610704055642215,3.3166247903554,4.402272140611028,10.115334893121434,18.15378748360793,26.643948656308435,10
26170,2.328089345364563,6.757958271549182,2.2759613353482084,2.1118712081942874,1.7291616465790582,1.9209372712298547,1.933907960581372,6.511528238439882,10.903210536351208,7.469939758793239,3.392639090737475,1.7635192088548397,1.5394804318340654,1.933907960581372,3.1749015732775088,8.858329413608415,10
9376,22.584286572747875,17.830311270418136,6.241794613730894,3.07571129984594,8.525843066817497,6.497691897897283,11.217842929904126,13.46439749858864,16.490300179196254,11.327841806805036,4.918333050943176,6.202418882984283,9.036592278065886,17.954943608934002,8.574380444090407,15.37465446766203,10
21988,18.603494295427403,18.962331080328703,7.172168430816443,3.6674241641784495,3.6124783736376886,6.8745908969188845,13.465882815471105,26.32375353174391,16.96024763970149,11.15212984142491,4.836320915737499,4.226109321823087,4.707440918375928,7.080960386840192,21.991816659839632,17.63065512112355,10
11181,27.45887834562803,17.049340163185203,4.528796749689701,2.345207879911715,2.487971060924946,3.280243893371345,4.617358552246079,9.716995420396165,13.473306943731371,6.153048025166064,3.127299154222378,3.249615361854384,2.9120439557122078,3.3301651610693423,4.528796749689701,12.137133104650372,10
4780,6.596969000988257,3.251153641401772,2.1283796653792764,1.7175564037317668,3.333166662499792,3.0133038346638727,4.402272140611028,9.049861877399014,6.154673021371647,3.40440890610984,2.572936066053721,1.7776388834631178,1.5905973720586866,2.7694764848252458,5.770615218501403,11.457312075700829,10
23291,11.94361754243663,6.56810474946921,3.059411708155671,2.1748563170931545,2.083266665599966,3.514256678161116,3.407345007480164,7.227724399837061,6.416385275215322,8.476437931112336,5.169139193328034,3.026549190084311,3.3734255586866,3.892300091205713,3.978693252815552,17.60340876080539,10
9114,26.780403282997813,21.1322029140362,6.8,3.388214869219483,10.1044544632553,8.622644605919925,14.024977718342372,12.562245022288014,19.95720421301541,12.109087496587016,5.00999001995014,7.5093275331416995,11.336225121265016,21.698847895683308,12.497599769555752,18.316932057525356,10
32964,16.649324310613927,10.120770721639731,4.243819034784589,2.3345235059857505,2.6057628441590768,3.5425979167836705,3.4828149534536,13.540310188470572,11.873078791956196,5.942221806698232,5.574943945906542,3.263433774416144,2.433105012119288,7.8108898340714035,3.1749015732775088,8.37018518313663,10
11027,20.313542280951395,10.45083728703112,4.261455150532504,2.351595203260969,5.350700888668698,4.879549159502341,6.987846592477542,7.740155037206942,14.277955035648487,6.721606950722424,3.3645207682521443,4.709564735726647,5.617828762075256,9.279008567729637,9.372833082905082,18.49648615278048,10
12292,15.048255712872503,9.148770409186143,2.8,2.0223748416156684,4.632493928760188,3.312099032335839,2.718455443813637,6.313477647065839,11.425410277097273,6.163602842493991,2.8896366553599777,5.986651818838307,4.77179211617606,4.525483399593904,4.567274898667694,11.586630226256467,10
20720,4.509988913511872,1.8814887722226776,1.7691806012954132,1.3928388277184118,1.7378147196982767,1.9,2.701851217221259,8.018728078691781,2.4248711305964283,1.8547236990991407,1.5684387141358125,1.772004514666935,1.676305461424021,1.5556349186104046,1.8055470085267789,5.261178575186362,10
11968,27.220764133286192,16.98558212131689,5.193264869039514,3.254228019054596,6.265780079128216,4.441846462902562,9.517352573063585,14.815532390029054,19.424726510301245,9.763196197967138,4.467661580737736,8.082697569499926,7.876547467006087,15.15156757566688,8.609297300012354,23.93658288060349,10
33166,15.892451038150156,9.161877536837087,3.939543120718442,2.808914381037628,3.3376638536557275,4.451965857910413,4.884669896727925,12.58133538222394,13.172319461658985,6.158733636065128,5.946427498927402,4.1436698710201325,4.221374183841086,12.870508925446575,4.604345773288535,11.414464507807626,10
21032,4.512205669071391,2.3043437243605824,1.786057109949175,1.6703293088490063,1.6462077633154328,1.61245154965971,2.0760539492026693,8.484102781084161,2.428991560298224,1.8083141320025125,1.6217274740226857,1.6703293088490063,1.6401219466856725,1.6217274740226857,1.6401219466856725,4.806245936279167,10
7392,10.226436329435586,8.541662601625049,14.936532395439045,4.223742416388575,4.459820624195552,6.937578828380979,2.9698484809834995,17.547079529084034,5.124451190127583,14.915428253992577,21.86664126014784,7.616429609731846,5.43415126767741,2.9647934160747185,5.25642464038057,7.701947805587882,10
12591,40.4567670482949,17.824421449236436,3.4219877264537346,2.6795522013948525,13.6758911958234,8.69712596206356,21.669563908856126,14.124446891825537,27.255641617837583,9.320944158184837,5.110772935672255,8.14616474176652,10.981803130633876,7.19027120489902,14.996332885075605,26.211066365182475,10
4090,19.09476368012969,6.395310782127793,3.2388269481403293,2.443358344574124,2.209072203437452,4.519955751995809,8.389278872465738,12.514391715141413,11.032225523438145,7.6072333998635795,4.78539444560216,2.539685019840059,2.6551836094703507,6.001666435249463,10.54229576515476,19.36698221200195,10
13679,23.31673218956721,12.19877042984251,2.7748873851023217,2.4186773244895647,2.1633307652783933,2.1748563170931545,2.8879058156387303,6.528399497579786,13.773525329413673,9.35040106091712,4.512205669071391,3.6304269721342695,2.4269322199023198,2.224859546128699,2.7766886753829643,21.07225664232476,10
19808,19.279004123657423,19.304921652262667,9.857484466130291,3.774917217635375,3.5651086939951777,5.720139858430037,10.859097568398582,19.62243613825765,16.969089545405787,16.981166037701886,7.463913182774837,3.5482389998420345,3.3211443810831227,5.042816673249187,13.240845894428348,26.084861510078984,10
18754,19.71065701593937,15.782268531488114,5.231634543811332,3.4899856733230297,3.462657938636157,6.056401571890688,10.402403568406678,17.40919297382851,12.245815611873306,6.042350536008318,2.8653097563788807,2.8495613697550013,3.491418050019218,5.124451190127583,7.8701969479804,14.681280598094975,10
26226,2.2045407685048604,6.406246951218787,4.473253849269009,15.509352017411944,2.821347195933177,3.8052595180880897,2.515949125081825,6.061352984276695,13.808330818748514,9.3552124508212,3.852272056851645,2.1354156504062622,2.102379604162864,1.7663521732655694,3.570714214271425,10.972237693378684,10
17850,20.56161472258441,14.16156770982648,7.255342858886822,3.8288379438153295,3.475629439396553,4.976946855251722,7.808328886515987,18.633840183923443,13.649175799292792,14.344685427014424,7.205553413860729,3.106444913401813,3.391164991562634,3.835361782153021,10.758717395675006,20.664462248023774,10
13195,39.28460258167314,12.812493902437572,3.67967389859482,2.794637722496424,2.9765752132274432,10.027462291128298,22.972810015320285,10.26352765865616,17.22585266394671,15.636495771111887,5.129327441292864,4.624932431938871,6.230569797378085,8.02932126645833,9.2255081160877,26.91653766738954,10
31903,11.364858116140296,5.316954015223378,2.278157149978904,1.5588457268119895,2.2181073012818837,2.505992817228333,5.420332093147061,10.70420478129973,9.896464014990404,3.668787265568828,2.3727621035409343,2.184032966784156,2.027313493271329,6.788225099390856,2.86705423736629,6.900724599634447,10
29285,2.495996794869737,22.59823001918513,5.715767664977295,2.80178514522438,2.213594362117865,3.4452866353904428,3.569313659514949,5.6471231613982,20.729930052945186,21.26334874849209,5.877074101966046,3.087069808086626,5.4671747731346585,3.443835071544513,4.833218389437829,9.495261976375376,10
11145,17.57156794369814,7.7149206087943645,2.5787593916455256,1.5937377450509227,2.258317958127243,2.027313493271329,2.515949125081825,6.252199612936235,5.1254268114958,3.014962686336267,1.9287301521985911,2.293468988235943,1.7146428199482249,2.0074859899884734,3.0083217912982647,6.848357467305573,10
1403,14.58869425274243,5.447017532558529,3.2109188716004646,2.701851217221259,3.0066592756745814,10.62591172558854,14.180620578804016,13.705473359209453,10.981803130633876,5.207686626516615,4.13158565202272,2.6057628441590768,4.319722213291035,8.653323061113573,17.404597093871494,24.01457890532333,10
12051,34.999142846646976,20.264747716169577,6.139218191268331,3.2726136343907144,6.522269543648131,5.00999001995014,10.58772874605314,13.921206844235885,19.52792871760853,9.918165152889925,5.106858133921482,8.014362108115655,5.842944463196617,6.235382907247958,9.82089608946149,23.98186815075089,10
13253,41.85857140419391,18.67779430232596,5.020956084253277,3.702701716314724,8.095060222135473,16.893489870361304,20.243517480912253,13.507405376311173,19.5716631894175,15.267940267108724,5.547972602672079,6.1400325732035,6.96419413859206,8.235289915965314,14.70136048126159,26.29087294100369,10
25740,2.6814175355583845,24.40184419260151,3.8820097887563354,2.95296461204668,4.165333119931706,10.537551897855591,6.420280367709809,8.072174428244226,25.031580054003783,15.06784656146989,4.512205669071391,5.2345009313209605,18.85523799902828,7.213182376732201,9.465199416811036,19.048359509417075,10
8988,31.65675283411108,26.186828750347,9.14549069213894,4.553020975132884,12.82692480682724,9.162423260251623,11.443775600735972,14.96729768528708,22.18715844807532,12.44789138770097,5.478138369920935,8.33186653757728,11.412274094149684,16.640312497065672,9.646761114488116,17.191276857755504,10
1704,1.9390719429665315,3.263433774416144,2.467792535850613,1.5132745950421556,1.2806248474865698,1.445683229480096,4.496665431183423,4.516635916254486,3.036445290137796,7.703246069028303,3.3763886032268267,1.6278820596099706,1.4594519519326423,1.9849433241279208,5.173973328110612,2.071231517720798,10
20744,4.509988913511872,1.8814887722226776,1.7691806012954132,1.3928388277184118,1.7378147196982767,1.9,2.701851217221259,8.018728078691781,2.4248711305964283,1.8547236990991407,1.5684387141358125,1.772004514666935,1.676305461424021,1.5556349186104046,1.8055470085267789,5.261178575186362,10
7800,11.017713011328622,6.396092557178953,6.164414002968976,2.071231517720798,1.3601470508735445,1.284523257866513,1.4798648586948742,4.568369512200168,7.547184905645283,5.79827560572969,9.496841580230766,3.333166662499792,1.5937377450509227,1.493318452306808,1.5937377450509227,4.794788837894741,10
7385,5.405552700695831,2.8774989139876315,6.332456079595025,2.12367605815953,1.5937377450509227,1.688194301613413,1.876166303929372,8.131420540102448,2.349468024894146,3.823610858861032,10.033942395688744,3.271085446759225,1.752141546793523,1.705872210923198,1.688194301613413,2.2181073012818837,10
9546,11.539497389401324,8.931405264570632,3.514256678161116,1.9595917942265424,6.082762530298219,4.049691346263317,4.303486958270002,5.906775770248943,11.680325337934727,6.623443213314356,2.751363298439521,5.912698199637793,5.46168472176855,13.363382805263043,4.146082488325576,8.318653737234168,10
19997,10.535653752852738,8.268615361715648,2.677685567799177,1.982422760159901,1.9595917942265424,2.925747767665559,4.4,11.898739429031968,5.719265687131522,2.949576240750525,1.933907960581372,2.04939015319192,1.7291616465790582,1.6673332000533063,3.27566787083184,6.516901104052447,10
14927,24.77861981628517,11.974138799930456,4.214261501141095,2.638181191654584,1.9570385790780929,1.9467922333931784,2.9154759474226504,6.216108107168021,12.01166100087744,18.62149295840696,8.011866199581718,3.608323710533743,2.582634314028992,2.253885533916929,3.062678566222711,20.8988037935189,10
4546,13.010380470993152,4.044749683231337,2.5019992006393608,2.1633307652783933,2.085665361461421,4.182104733265296,6.976388750635962,12.33450444890268,9.307523838271916,5.5874860178795975,4.06201920231798,2.4758836806279896,2.4657656011875906,4.652956049652737,14.513442045221389,23.38610698684157,10
19466,5.835237784358063,2.3043437243605824,1.711724276862369,1.5066519173319364,1.6552945357246849,1.6155494421403511,1.8439088914585773,6.109828148156051,2.539685019840059,1.8055470085267789,1.7691806012954132,1.760681686165901,1.7916472867168918,1.5,1.7748239349298849,5.563272418280449,10
17340,18.170030269650077,7.796794213008318,3.3166247903554,2.603843313258308,2.701851217221259,7.057619995437555,9.44351629426243,14.477914214416383,7.601973427998812,4.451965857910413,2.505992817228333,2.1095023109728985,2.4576411454889016,4.603259714593562,5.370288632839021,18.4366482854124,10
19174,21.253705559266603,18.48053029542172,5.705260730238365,3.207802986469088,3.4856850115866758,7.728518616138541,10.601886624558858,20.63807161534236,15.832877186411825,6.929646455628166,3.1827660925679098,2.718455443813637,2.949576240750525,4.246174749112429,10.530906893520616,23.95036534168112,10
16861,9.936800289831732,4.228474902373195,2.543619468395381,1.57797338380595,1.8083141320025125,1.8193405398660247,2.727636339397171,12.002916312296774,6.155485358604957,5.436910887627275,2.9120439557122078,1.8303005217723127,1.6583123951777,1.7233687939614086,4.110960958218893,14.321312788986909,10
34587,9.837682653958703,5.729746940310715,3.0133038346638727,1.98997487421324,2.1330729007701543,2.039607805437114,3.07408522978788,11.380246043034395,5.252618394667558,4.291852746774987,2.0542638584174138,1.664331697709324,1.760681686165901,6.181423784210237,2.154065922853801,4.942671342502958,10
19044,18.760597005426025,14.385061696079028,5.793099343184096,3.1733263305244863,3.1827660925679098,4.473253849269009,7.860661549767933,20.371057900855323,17.690958142508844,11.048076755707305,5.3113086899558,3.40587727318528,4.038564101261734,5.24785670536077,14.20950386185246,26.017109754928583,10
24680,10.245974819410792,4.671188285650665,1.9874606914351791,1.7691806012954132,2.6795522013948525,2.211334438749598,3.036445290137796,5.737595315112421,5.338539126015656,3.4292856398964493,2.345207879911715,4.252058325093859,3.914077158156185,2.4228082879171438,3.626292872893749,12.586897949852458,10
12940,12.451505933018703,9.26066952223218,2.5179356624028344,2.1563858652847827,11.121151019566277,5.323532661682466,4.54972526643093,5.384236250388722,8.059776671843954,3.3421549934136805,2.355843797877949,5.015974481593781,7.406753674856482,3.052867504494749,2.8,9.927235264664578,10
9020,28.42164667995153,26.99611083100675,8.475258108164022,4.296510211788167,11.292475370794484,8.605230967266364,15.981239000778382,16.48362824137938,24.210328374476877,14.02069898400219,4.947726750741193,8.093824806604106,12.133012816279392,18.973929482318628,9.440868604106296,22.75104393209244,10
20118,6.770524351924303,4.77179211617606,1.9798989873223327,1.6522711641858303,1.8466185312619388,2.924038303442689,4.179712908801273,9.438220171197534,3.971145930332956,2.624880949681337,1.6186414056238645,2.039607805437114,1.6733200530681511,1.6703293088490063,2.04939015319192,6.392964883369843,10
8248,27.5816968296006,21.179943342700422,5.143928459844674,2.894822965226026,4.927473997901968,5.61159513863928,12.765187033490736,14.277604841148952,14.357924641117185,10.24060545085104,4.241462012089699,5.866003750424985,5.295280917949491,17.49857137025763,9.184770002564028,16.01967540245432,10
18848,10.70467187726929,6.057227088363123,2.6019223662515376,1.8601075237738276,2.0371548787463363,3.093541659651604,4.763402145525822,10.4364745005198,5.880476171195663,4.9325449820554095,2.16794833886788,1.9026297590440449,1.9798989873223327,1.9595917942265424,2.649528259898354,7.775602870517501,10
7210,29.046514420838864,26.58176066403428,22.03973684053419,6.843975452907469,13.2208169187838,14.794255641971311,5.597320787662611,22.673552875542025,27.88727308289572,30.2801915449688,34.23638415487243,12.705117079350352,24.281886252925247,8.402380615040002,8.498823447983845,18.40543398021356,10
19333,14.00428505850977,7.0547856097829085,2.9748949561287032,1.794435844492636,2.154065922853801,2.56124969497314,4.9254441424099005,15.126466871017833,5.654201977290871,2.891366458960192,2.433105012119288,1.9313207915827968,1.8138357147217052,1.841195263952197,5.33572862878164,10.373523991392704,10
23237,4.1436698710201325,2.046948949045872,1.4628738838327795,1.407124727947029,1.3038404810405295,1.4212670403551897,1.4594519519326423,2.543619468395381,2.672077843177477,1.7578395831246945,1.5459624833740306,1.4317821063276353,1.3928388277184118,2.0542638584174138,2.23159136044214,7.034912934784623,11
5871,22.916151509361253,9.438220171197534,4.194043395102153,2.3727621035409343,1.8303005217723127,2.2891046284519194,12.851069994362335,12.027052839328512,27.965514477656228,9.012768719988326,4.696807426326951,2.7313000567495327,2.364318083507378,10.404806581575652,16.475436261295176,16.83923988783342,11
8466,38.57434380517704,16.94579593881621,6.132699242584786,3.81051177665153,3.6221540552549674,9.57496736286866,15.035956903370002,14.188727920430358,19.531000998412757,14.91777463296721,7.374279625834649,3.7094473981982814,5.316013544000805,35.49774640734254,6.957729514719582,22.13074784095648,11
12145,44.60560502896469,13.151425778218876,3.9370039370059056,3.243454948045371,3.312099032335839,24.91244668835239,14.99766648515695,12.167990795525776,23.983536019528064,8.24257241399795,4.909175083453431,2.9949958263743874,2.821347195933177,5.547071299343465,8.138181615078395,32.12257772969037,11
10699,18.84754625939409,7.40472821918536,3.1733263305244863,1.9874606914351791,1.8439088914585773,3.752332607858744,7.65963445602987,7.7479029420869745,9.964436762808022,6.308724118235001,3.2186953878862163,2.258317958127243,3.570714214271425,22.170926908904825,4.498888751680797,12.076009274590676,11
25233,2.5806975801127883,5.714892824891819,3.220248437620924,6.126989472816156,4.421538193886829,12.916268811076982,3.627671429443411,8.157205403813245,11.005907504608604,9.602083107326242,4.0,4.410215414239989,19.298963702748395,3.170173496829472,6.712674578735364,15.586532648411575,11
25726,2.898275349237888,7.360706487831178,3.0512292604784714,17.1058469536004,6.108191221630181,19.75753021002372,7.83836717690617,5.261178575186362,26.760792215478222,8.426743143112883,4.192851058647325,5.538952969650492,23.86461816162161,7.263607918933951,10.427847332982967,21.920994502987316,11
26488,2.6758176320519302,4.127953488110059,2.184032966784156,3.146426544510455,3.737646318206152,14.222165798499187,3.515679166249389,9.76933979345585,14.956603892595403,6.670832032063167,2.884441020371192,3.5791060336346563,16.317475294910054,3.052867504494749,4.624932431938871,17.67766952966369,11
28348,25.0543409412421,12.69763757554924,4.356604182158393,2.3302360395462087,2.2494443758403984,3.0854497241083023,11.471268456452409,9.853425800197614,15.79841764228304,8.41961994391671,4.044749683231337,2.264950330581225,2.4228082879171438,10.571660229122008,10.639548862616309,10.681292056675542,11
8766,19.398969044771427,6.219324722186485,2.443358344574124,1.982422760159901,2.0174241001832014,4.34856298103178,5.634713834792322,6.994998213009064,10.565036677645752,5.818075283115543,3.0643106892089125,2.3727621035409343,5.67097875150313,16.84399002611911,3.789459064299283,15.4,11
4772,15.585570249432646,6.791170738539858,2.692582403567252,1.8,1.6822603841260722,2.3473389188611,11.458184847522752,7.776888838089432,10.31406806260265,5.059644256269407,3.3226495451672298,2.262741699796952,2.137755832643195,8.545759182190896,16.365206995330063,6.848357467305573,11
24807,2.4041630560342617,3.772267222772003,3.0854497241083023,28.133076618102045,3.2264531609803355,10.593866149805743,1.9672315572906005,3.6110940170535577,8.744140895479669,6.527633568147036,2.90516780926679,2.151743479135001,10.061312041677269,2.2693611435820435,2.576819745345025,6.311101330195863,11
17400,31.33448579440869,13.945608627808252,5.407402333838309,3.5651086939951777,3.78549864614954,7.572978278062073,12.872839624573905,26.679205385468286,22.84775700150892,12.36931687685298,4.38520238985614,3.2015621187164243,3.7616485747608057,8.647543003651384,11.565465835840769,35.366650958212034,11
28457,18.577405631572997,10.280077820717118,3.388214869219483,2.154065922853801,2.2494443758403984,3.4322004603461025,9.567131231461184,10.08959860450355,16.75141785043881,8.46758525200662,3.522782990761708,1.977371993328519,1.9,7.0476946585390605,8.262566187329455,11.27918436767482,11
5861,22.916151509361253,9.438220171197534,4.194043395102153,2.3727621035409343,1.8303005217723127,2.2891046284519194,12.851069994362335,12.027052839328512,27.965514477656228,9.012768719988326,4.696807426326951,2.7313000567495327,2.364318083507378,10.404806581575652,16.475436261295176,16.83923988783342,11
12800,51.50291253900113,27.831457022585077,10.50904372433572,5.443344560102731,5.301886456724625,45.790719583775925,24.176434807473164,23.54230235129946,40.81372318228269,18.570137317747545,12.182774724995944,4.293017586733136,8.018728078691781,10.165628362280415,15.75595125658873,47.79142182442368,11
27480,8.534049449118513,4.537620521815371,2.1702534414210706,1.5842979517754858,2.004993765576342,1.5905973720586866,2.433105012119288,11.88570570054635,3.5114099732158874,3.391164991562634,1.857417562100671,1.7,1.5362291495737217,3.2093613071762426,2.2737634001804143,5.319774431308154,11
922,20.381854675176157,7.49933330370107,3.475629439396553,2.4186773244895647,2.541653005427767,8.052949770115296,13.866866985732573,20.25956564193813,12.710625476348518,6.378871373526825,2.958039891549808,3.598610843089316,4.895916665957459,6.997856814768362,15.412332724153083,33.151923021146146,11
1637,10.93114815561476,5.329165037789691,2.4899799195977463,2.6683328128252666,1.8867962264113207,6.383572667401852,10.30388276330821,13.491849391391826,12.268251709188233,6.014149981501958,2.240535650240808,2.535744466621193,2.8301943396169813,5.6964901474504455,14.17321417322126,25.954575704488025,11
13391,52.79479140975936,25.592772417227486,7.655716818169282,5.070502933634888,4.90815647672321,44.85287058817975,17.071906747636596,20.524375751773796,36.47903507495778,14.553693689232295,9.271461589199408,4.057092555020159,8.191458966508957,7.197916365171244,10.974971526158964,41.094890193307485,11
20429,13.12059449872604,4.616275555033516,1.9570385790780929,1.6031219541881396,1.9390719429665315,3.982461550347976,6.353739056650029,7.996874389409903,7.172865536171719,3.907684736515984,2.0149441679609885,1.849324200890693,2.293468988235943,7.447818472546173,5.300943312279429,15.874507866387544,11
2071,15.573695772038183,6.786015030929419,2.85482048472404,1.91049731745428,2.2045407685048604,6.591661399070799,10.91146186356347,15.967780058605516,13.83726851658231,6.86512927773396,2.882707061079915,3.37934904974316,3.220248437620924,5.486346689738081,12.922074136917804,27.04976894540876,11
30998,12.875558240324962,8.50235261559999,3.3376638536557275,1.7578395831246945,1.9209372712298547,2.412467616362964,6.878226515607057,8.045495634204272,15.453802121160992,9.119758768739445,3.676955262170047,2.4186773244895647,2.179449471770337,4.947726750741193,7.091544260596559,7.889233169326408,11
23023,16.870684633410704,5.914389233048498,2.355843797877949,1.7262676501632068,1.8734993995195195,3.8392707640904935,7.333484846919641,10.276672613253767,10.304853225543775,4.371498598878879,2.06881608655772,1.91049731745428,1.8973665961010275,6.164414002968976,6.695520890864279,29.29163703175362,11
31039,18.40163036255212,9.28654941299512,4.240283009422838,2.2891046284519194,2.080865204668481,1.98997487421324,7.286288492778748,7.9012657213892,18.685288330662708,8.753285097607641,3.921734310225516,2.2561028345356955,2.3769728648009427,6.679071791798618,7.3939164182454755,9.521554494934112,11
11768,42.29148850537186,19.882655758223045,6.951978135753881,4.994997497496871,16.398170629676958,27.956931162057117,24.32570656733325,17.13505179449423,34.58453411569975,16.529367804002668,9.030503861911582,7.455870170543476,15.150907563575194,11.560709320798615,17.96886195617296,35.61502491926687,11
27121,2.5865034312755126,3.626292872893749,2.2605309110914638,2.7910571473905725,4.515528761950255,12.889142717807108,4.591296113299598,10.793516572461453,17.527121840165314,7.236711960552251,3.4219877264537346,3.971145930332956,19.2062489830784,4.608687448721165,6.931810730249348,16.898816526609192,11
19908,26.038433132583076,9.337558567420071,3.652396473549935,2.238302928559939,3.181194744117373,5.872818744010409,11.780492349643117,16.220665830970074,17.59374888987563,8.17251491280377,3.0724582991474434,3.3211443810831227,3.237282811247729,8.388086790204307,8.363013810822029,38.828855249672245,11
11818,44.80658433757253,22.35620719173984,5.948108943185221,4.230839160261236,15.00166657408436,39.16043922123448,23.05168106668145,17.987773625437917,34.34239362653687,19.0530837399094,8.542247947700886,7.125307010929424,11.31812705353673,10.152339631828715,17.87596151260122,34.63581960918494,11
27336,2.443358344574124,5.462600113499065,4.365775990588615,2.4248711305964283,1.4,3.093541659651604,1.7691806012954132,3.8574603043971822,3.374907406137241,4.414748010928823,2.5019992006393608,1.5556349186104046,4.31161222746202,5.282045058497703,2.1400934559032696,9.248783703817493,11
29186,23.173691980347023,8.704596486914255,3.059411708155671,2.090454496036687,1.9874606914351791,2.435159132377184,7.229107828771127,7.681796664843453,18.287153961182696,8.123422923866515,3.770941526992961,2.233830790368868,1.8,4.028647415696738,9.754486147409304,12.354351460113152,11
348,17.402873325976948,7.441773982055623,3.2093613071762426,2.297825058615212,2.336664289109585,6.641535966928132,10.311159003720192,15.951175505272332,14.360710288840172,5.3535035257296695,2.282542442102665,3.281767816284388,3.675595189897821,7.253964433328853,14.995999466524395,31.356179614232342,11
21829,18.266909974048705,6.131883886702357,2.613426869074396,1.7378147196982767,1.91049731745428,4.27668095606862,6.586349520030045,12.307721153812349,10.799537027113708,5.746303159423457,2.2494443758403984,1.9849433241279208,2.603843313258308,8.243785538209979,5.5578772926361015,25.710698162438145,11
3551,22.30672544323797,14.089002803605371,6.047313453096342,2.374868417407584,6.712674578735364,11.392541419718428,11.290704141017954,8.392854103342914,20.37253052519495,17.899720668211557,5.051732376126036,3.757658845611187,16.13536488586484,10.74197374787334,16.650825805346713,13.330041260251225,11
16171,13.5,6.087692502089769,3.3196385345395663,1.9570385790780929,2.027313493271329,3.069201850644561,4.946716082412655,15.9439643752738,5.346026561849464,4.901020301937138,2.253885533916929,1.7663521732655694,1.8894443627691184,1.7916472867168918,4.22729227756965,12.968808734806755,11
29682,11.594826432508595,4.414748010928823,2.293468988235943,1.5427248620541512,1.8083141320025125,2.215851980616034,5.630275304103699,9.317188417113824,7.975587752636166,4.132795663954365,2.3173260452512934,1.8303005217723127,1.797220075561143,6.830812543175226,5.916079783099616,6.250599971202765,11
12537,34.82700101932407,15.43729250872704,3.817066936798463,2.5179356624028344,2.5865034312755126,18.44586674569672,16.25945878558078,10.223502335305646,18.96048522585854,7.998124780221924,6.908690179766349,2.819574435974337,2.406241883103193,5.585696017507576,11.239217054581694,29.19606137820648,11
8503,38.57434380517704,16.94579593881621,6.132699242584786,3.81051177665153,3.6221540552549674,9.57496736286866,15.035956903370002,14.188727920430358,19.531000998412757,14.91777463296721,7.374279625834649,3.7094473981982814,5.316013544000805,35.49774640734254,6.957729514719582,22.13074784095648,11
14177,23.709913538433664,11.35957745693034,2.7892651361962706,2.233830790368868,2.7730849247724096,13.347658970770867,5.877074101966046,6.942621983083913,14.923136399564267,5.817215828899595,4.148493702538308,2.428991560298224,2.9597297173897483,2.4228082879171438,3.3555923471125038,15.47029411485121,11
13639,15.86190404711868,5.833523806414096,2.360084744241189,1.9235384061671343,1.9467922333931784,10.653637876331258,4.961854492022111,5.678027826631356,12.3,3.562302626111375,2.355843797877949,1.688194301613413,1.5748015748023625,2.3323807579381204,4.281354925721529,11.27874106449829,11
371,17.402873325976948,7.441773982055623,3.2093613071762426,2.297825058615212,2.336664289109585,6.641535966928132,10.311159003720192,15.951175505272332,14.360710288840172,5.3535035257296695,2.282542442102665,3.281767816284388,3.675595189897821,7.253964433328853,14.995999466524395,31.356179614232342,11
7075,52.67779418312806,40.51283747159658,15.50709515028524,5.96992462263972,9.54567965102538,10.68831137270991,25.008598521308624,19.164811504421326,46.83502962527087,45.36827085089314,26.01057477258048,9.189668111526116,17.168284713389397,20.65720213388057,19.30466264921509,37.80886139518089,11
23996,2.4515301344262523,8.104936767180853,1.7888543819998317,17.0578427709954,3.106444913401813,10.949429208867466,2.5787593916455256,3.7775653535048206,19.77801810091193,7.011419257183241,2.2671568097509267,2.4899799195977463,10.60377291344925,4.004996878900157,3.5679125549822546,9.752435593224904,11
26108,3.0016662039607267,5.515432893255071,3.456877203488721,12.303657992645928,3.303028912982749,9.17551088495894,4.669047011971501,14.482748357960238,15.223665787188052,6.563535632568776,3.2388269481403293,4.246174749112429,18.588437266214715,5.829236656715868,6.5612498809297,16.517263695903143,11
8922,12.46113959475617,5.613376880274475,2.541653005427767,1.8193405398660247,1.849324200890693,3.581898937714463,5.538050198400155,5.888123640006212,4.2485291572496005,2.638181191654584,1.994993734326,1.7175564037317668,1.6309506430300091,6.194352266379432,1.997498435543818,4.849742261192857,11
3014,14.979986648859205,8.229823813423955,2.4474476501040834,2.220360331117452,2.4617067250182343,5.692978130996113,7.92148975887743,14.274102423620198,16.11396909516709,7.416198487095663,3.4467375879228173,4.711687595755898,3.260368077380221,5.61159513863928,14.277604841148952,26.20419813693981,11
4260,24.31398774368368,8.526429498916883,3.956008088970497,2.295648056649799,2.0074859899884734,2.5099800796022267,6.928924880528003,9.830564581955606,17.69321904007295,9.627045237246993,5.762811813689564,3.264965543462901,2.3108440016582685,8.262566187329455,16.397560794215707,10.951255635770725,11
18080,29.44044836615095,11.23832727766904,4.631414470763764,3.160696125855821,3.627671429443411,9.194019795497503,14.436065946094873,25.38030732674449,31.781283800375338,19.164811504421326,4.522167621838006,3.806573262134856,4.188078318274385,10.54229576515476,15.830350596243912,43.68764127301908,11
12441,49.55411183746512,26.44182293261945,9.563472172804184,5.170106381884226,5.707013229352111,48.45688805526001,21.003095010021735,19.33080443230441,34.63350978460024,20.21187769604793,14.357576397150044,6.060528029800704,7.06257743320383,12.002916312296774,23.221757039466244,40.6100972665666,11
21294,18.52079911882854,6.663332499583072,2.6758176320519302,1.857417562100671,1.933907960581372,4.18568990729127,6.84178339323893,11.585335558368604,10.70467187726929,3.5832945734337835,2.1354156504062622,2.0223748416156684,2.453568829277059,8.252878285786117,5.684188596448926,27.115309328864384,11
569,5.5533773507659285,2.511971337416094,1.4866068747318506,1.3711309200802089,1.5231546211727816,3.383784863137726,4.7148700936505135,5.343220002957018,6.381222453417527,2.582634314028992,1.6733200530681511,1.7804493814764857,2.06881608655772,3.144837038703278,5.736723803705386,12.19139040470774,11
12192,47.74588987546468,17.280335644888382,7.069653456853454,4.768647607026545,10.53897528225586,47.48020640224724,20.737405816543205,19.02077811236964,31.003225638633158,13.991783303067557,8.70574522944475,5.21344415909483,7.249137879775773,9.508417323613852,14.27935572776307,46.36270052531453,11
14898,13.632681321002115,6.552861970162351,2.379075450674064,2.3302360395462087,5.403702434442518,6.41482657598785,12.67004340955468,6.687301398920195,7.607890640644094,3.246536616149585,2.3108440016582685,3.207802986469088,3.0066592756745814,2.559296778413945,5.697367813297646,5.440588203494177,11
3865,54.547318907532016,29.41360229553667,10.99499886311954,4.761302342846966,9.759098319004682,12.011244731500565,8.6,20.90741495259517,43.87504985752153,24.824181758922087,14.011067054296756,6.616645675869307,15.794619336976757,10.375451797391763,12.928650354928775,26.722088241752367,11
16285,8.455175929571187,4.459820624195552,2.961418578992169,1.705872210923198,1.9621416870348585,2.0952326839756963,3.958535082577897,8.977750274985375,6.67682559304944,5.562373594069352,3.2233522922572395,2.5475478405713994,1.8894443627691184,2.590366769397724,7.600657866263946,11.594395197680646,11
24620,2.7294688127912363,5.6964901474504455,4.568369512200168,3.9370039370059056,4.108527716834828,13.238579984273237,3.896151947755632,12.386686401132469,27.47216773390844,5.276362383309167,5.166236541235796,6.248999919987197,16.494544552669527,3.3645207682521443,6.558200972827838,11.584903970253702,11
4307,22.80504330186637,21.717964913867966,10.018482919085104,3.704051835490427,6.357672530100933,10.07273547751553,16.409448497740563,10.88393311262064,21.019514742257968,14.285657142742856,7.173562573784381,5.03189825016365,15.848974730246749,11.259662517144996,19.08009433938941,14.270599146496968,11
7060,52.67779418312806,40.51283747159658,15.50709515028524,5.96992462263972,9.54567965102538,10.68831137270991,25.008598521308624,19.164811504421326,46.83502962527087,45.36827085089314,26.01057477258048,9.189668111526116,17.168284713389397,20.65720213388057,19.30466264921509,37.80886139518089,11
6680,4.72122865364515,2.2605309110914638,2.3323807579381204,1.7175564037317668,1.4247806848775006,1.6552945357246849,6.734240862933253,5.938855108520497,5.180733538795447,3.722902093797257,2.2869193252058544,1.876166303929372,1.711724276862369,5.741950887982237,5.547071299343465,5.5901699437494745,11
17730,9.270382947861432,5.793099343184096,2.295648056649799,1.5937377450509227,1.8547236990991407,1.9157244060668015,3.529872518944558,13.032267646115928,3.678314831549904,2.505992817228333,2.01246117974981,1.857417562100671,1.8055470085267789,1.6733200530681511,3.63318042491699,6.591661399070799,11
7967,19.04888448177478,7.674633541739957,2.842534080710379,1.9313207915827968,1.6733200530681511,3.427827300200522,4.93051721424842,6.757218362610461,10.988175462741756,5.73149195236284,3.1874754901018454,2.0976176963403037,2.9933259094191533,16.21388294024599,3.6304269721342695,14.56399670420177,11
31247,6.243396511515186,4.121892769104989,2.0322401432901573,1.51657508881031,1.6093476939431082,1.378404875209022,2.7440845468024486,3.7161808352124095,7.380379394042016,3.391164991562634,2.019900987672416,1.5524174696260025,1.40356688476182,1.5842979517754858,2.3853720883753127,4.464302857109943,11
9948,36.60150270139192,15.231874474272692,5.490901565316938,3.277193921634788,2.979932885150268,6.373382147651276,18.86584214923893,13.577555008174336,25.27568001063473,15.36522046701576,7.368174807915458,4.147288270665544,5.486346689738081,26.152437744883365,11.970380110923797,37.3348362792714,11
4557,23.46912865872953,6.752777206453653,3.8820097887563354,2.2715633383201093,8.33966426182733,11.144056711987783,8.487638069569178,8.153526844255804,17.449928366615147,10.910545357588685,6.330876716537765,3.3226495451672298,14.441606558828555,7.968061244744546,12.467958934805647,13.508515832614624,11
11988,31.464106534271718,19.96822475835045,4.17612260356422,3.0083217912982647,10.542770034483349,21.37498538011196,16.624379687675567,12.12146855789347,27.051617326880844,9.058145505565696,4.9254441424099005,5.509990925582365,10.653637876331258,6.567343450741708,10.273752965688828,26.980363229578657,11
28193,11.518680479985544,3.3391615714128,1.772004514666935,1.6733200530681511,1.8466185312619388,1.865475810617763,2.9189039038652846,12.342609124492276,7.109149034870488,2.3345235059857505,1.8275666882497064,1.664331697709324,1.5588457268119895,3.968626966596886,1.9621416870348585,5.621387729022079,11
10849,34.57180932493988,13.198105924715106,4.801041553663121,3.1,2.6267851073127395,7.121095421351971,13.863260799682012,12.502399769644226,10.570241246064349,7.019259220174163,4.08656334834051,2.4248711305964283,4.295346318982906,23.923001483927557,4.166533331199932,14.506550244630873,11
8694,24.2156973882645,10.054352291420866,3.7960505792204615,2.5238858928247927,2.7,7.108445681019163,12.1396046064112,8.987769467448528,17.61050822662424,12.582527568020664,5.67097875150313,2.929163703175362,5.229722745997153,26.523951440160644,5.6471231613982,19.523063284228733,11
8616,35.57203958167144,14.761097520171052,5.2115256883181535,3.159113799786263,2.839013913315678,8.287943049997388,14.985326155943351,11.459057552870568,21.29295658193103,16.680527569594435,8.229823813423955,3.7841775856849,5.1000000000000005,28.51666179622012,6.577233460962139,21.260997154414,11
25558,2.4228082879171438,4.789572005931219,4.642197755374064,2.313006701244076,2.3108440016582685,6.90724257573165,2.027313493271329,2.932575659723036,3.1096623610932426,5.878775382679628,3.4655446902326914,1.857417562100671,9.581753492967769,2.06881608655772,1.969771560359221,4.11703777004778,11
4156,16.239150224072688,5.101960407529639,2.1977260975835917,1.6852299546352716,1.3638181696985856,1.6,4.845616575834287,8.471717653463198,7.698701189161714,3.813135192987524,2.567099530598687,1.992485884517128,1.5099668870541498,6.048966853934646,12.958009106340372,6.653570470055908,11
4558,23.46912865872953,6.752777206453653,3.8820097887563354,2.2715633383201093,8.33966426182733,11.144056711987783,8.487638069569178,8.153526844255804,17.449928366615147,10.910545357588685,6.330876716537765,3.3226495451672298,14.441606558828555,7.968061244744546,12.467958934805647,13.508515832614624,11
20976,10.61319932913728,3.9496835316263,1.8193405398660247,1.445683229480096,1.7916472867168918,4.058324777540605,6.997142273814361,5.8779248038742375,4.6141087980237305,2.7586228448267445,1.5905973720586866,1.493318452306808,1.7291616465790582,6.661831579978587,4.550824101193101,13.538833036861044,11
7653,29.124560082514552,13.18597740025365,4.895916665957459,2.95296461204668,2.6019223662515376,7.165193647069143,10.979981785048643,10.208819716304133,14.46789549312546,10.208329931972225,5.111751167652823,3.0983866769659336,4.724404724407087,26.902973813316624,5.988321968631947,16.749328344742665,11
181,21.327447104611466,8.324061508662703,3.4525353003264136,2.3065125189341598,2.874021572639983,9.115920140062656,10.832820500682177,20.39852935875525,21.16081283883017,8.179242018671413,3.746998799039039,5.387021440462252,3.8183766184073566,9.22225568936364,21.2179169571379,39.24754769409167,11
11938,31.464106534271718,19.96822475835045,4.17612260356422,3.0083217912982647,10.542770034483349,21.37498538011196,16.624379687675567,12.12146855789347,27.051617326880844,9.058145505565696,4.9254441424099005,5.509990925582365,10.653637876331258,6.567343450741708,10.273752965688828,26.980363229578657,11
3984,34.86402156952063,18.89894176931608,7.142828571371428,3.678314831549904,7.701947805587882,10.584422516131903,8.216446920658589,16.557777628655362,34.41642049952319,20.181922604152454,12.686607111438423,5.269724850502159,15.21873844968761,8.226177727231525,9.538867857350787,21.535319825811737,11
1459,13.792389205645264,6.88839603971781,2.7440845468024486,2.215851980616034,2.3811761799581315,5.720139858430037,9.60676844729798,18.0033330247485,14.99766648515695,6.581033353509159,2.898275349237888,3.1432467291003423,2.979932885150268,5.956509044734172,15.764517119150844,34.07902580767238,11
18021,29.44044836615095,11.23832727766904,4.631414470763764,3.160696125855821,3.627671429443411,9.194019795497503,14.436065946094873,25.38030732674449,31.781283800375338,19.164811504421326,4.522167621838006,3.806573262134856,4.188078318274385,10.54229576515476,15.830350596243912,43.68764127301908,11
27377,2.443358344574124,5.462600113499065,4.365775990588615,2.4248711305964283,1.4,3.093541659651604,1.7691806012954132,3.8574603043971822,3.374907406137241,4.414748010928823,2.5019992006393608,1.5556349186104046,4.31161222746202,5.282045058497703,2.1400934559032696,9.248783703817493,11
18701,20.62134816155336,13.58970198348735,4.1303752856126765,2.9137604568666933,3.27414110874898,8.8,15.410386108076592,18.980779752159812,26.743223440714846,15.403246411065428,4.077989700820736,3.478505426185217,4.208325082500163,9.960421677820673,11.506085346459065,37.88020591285111,11
12486,34.82700101932407,15.43729250872704,3.817066936798463,2.5179356624028344,2.5865034312755126,18.44586674569672,16.25945878558078,10.223502335305646,18.96048522585854,7.998124780221924,6.908690179766349,2.819574435974337,2.406241883103193,5.585696017507576,11.239217054581694,29.19606137820648,11
4782,15.585570249432646,6.791170738539858,2.692582403567252,1.8,1.6822603841260722,2.3473389188611,11.458184847522752,7.776888838089432,10.31406806260265,5.059644256269407,3.3226495451672298,2.262741699796952,2.137755832643195,8.545759182190896,16.365206995330063,6.848357467305573,11
23754,3.026549190084311,20.75909439257888,3.9471508711981103,4.469899327725402,6.870953354520754,22.66208286985113,8.266801074176154,5.974947698515862,32.90379917273992,18.413038858374247,5.220153254455275,6.5787536813594105,25.0373720665728,8.258329128825032,7.92148975887743,20.704105872990507,11
1102,7.391887445030531,3.087069808086626,1.6340134638368191,1.2884098726725126,1.42828568570857,3.281767816284388,3.235737937472688,5.447017532558529,4.454211490264018,1.91049731745428,1.5556349186104046,1.5329709716755893,1.849324200890693,2.7640549922170505,4.850773134253961,9.677809669548166,11
30419,31.216341874088965,15.252868582663394,5.529918625079396,3.0724582991474434,2.8407745422683583,2.8879058156387303,9.438220171197534,13.093509842666329,24.330433617179946,11.048076755707305,4.6,2.5099800796022267,2.23159136044214,5.447017532558529,9.38829057922687,15.630419060281142,11
781,20.932988319874447,8.998333178983762,3.7296112397943033,2.615339366124404,2.7586228448267445,6.118006211176971,12.269474316367427,21.11965908815765,22.204053683956,8.653900854527974,4.406812907306141,5.754128952326321,4.644351407893248,8.057294831393476,23.410254163507062,44.2691766356683,11
30350,18.148829163337236,6.511528238439882,2.884441020371192,2.0322401432901573,2.039607805437114,3.4583232931581165,8.108637370113428,8.417244204607586,18.78935869049287,8.948742928478838,4.682947789587238,2.479919353527449,2.2181073012818837,8.980534505250787,5.55607775323564,9.996499387285532,11
1918,19.066200460500774,7.8108898340714035,3.184336665618132,2.414539293529927,2.6870057685088806,9.374433316206373,10.361467077590897,20.41274111921277,16.6427161244792,8.711486669908874,3.78021163428716,5.191338940966964,4.843552415324934,7.992496481075234,19.82700179048764,34.01955320106365,11
15429,23.02585503298412,17.539669324134934,8.87693640846886,4.36692111217961,14.284607099952032,25.75732905407702,6.337191807101943,11.114405067298923,19.47305831142093,13.756089560627322,14.723790272888296,10.464702575802145,14.782421993705904,3.509985754956849,7.67984374841051,25.53879402007855,11
22682,7.9435508432942,3.2893768406797053,1.8466185312619388,1.7492855684535902,1.6462077633154328,3.950949253027682,5.715767664977295,4.770744176750625,6.016643582596529,3.898717737923585,1.905255888325765,1.7262676501632068,1.9519221295943132,6.131883886702357,4.294182110716778,14.76685477683044,11
28001,17.123667831396403,14.690813456034352,4.984977432245807,2.379075450674064,2.6019223662515376,3.8483762809787714,8.727542609463445,11.298229949863828,13.691603266235845,9.122499657440388,3.433656942677879,2.0542638584174138,2.8442925306655784,17.836199146679206,7.408778576796583,7.880989785553589,11
12237,47.74588987546468,17.280335644888382,7.069653456853454,4.768647607026545,10.53897528225586,47.48020640224724,20.737405816543205,19.02077811236964,31.003225638633158,13.991783303067557,8.70574522944475,5.21344415909483,7.249137879775773,9.508417323613852,14.27935572776307,46.36270052531453,11
10809,34.57180932493988,13.198105924715106,4.801041553663121,3.1,2.6267851073127395,7.121095421351971,13.863260799682012,12.502399769644226,10.570241246064349,7.019259220174163,4.08656334834051,2.4248711305964283,4.295346318982906,23.923001483927557,4.166533331199932,14.506550244630873,11
24447,3.21403173599764,10.55840897105241,3.605551275463989,14.437104972950776,7.4926630779716765,26.791043279424564,5.506359959174482,14.344685427014424,23.41900937272967,12.034533642813086,4.588027898781785,7.847929663293371,23.69367004075139,4.519955751995809,12.026221351696469,26.64451162997738,11
22202,17.872324974664043,6.258594091327541,2.293468988235943,1.7262676501632068,1.7916472867168918,3.976179070414209,6.26657801355732,10.124228365658292,11.50782342582645,5.244997616777343,2.3302360395462087,1.7088007490635062,2.0639767440550294,9.280086206496144,6.299206299209449,23.80630168673833,11
18064,29.44044836615095,11.23832727766904,4.631414470763764,3.160696125855821,3.627671429443411,9.194019795497503,14.436065946094873,25.38030732674449,31.781283800375338,19.164811504421326,4.522167621838006,3.806573262134856,4.188078318274385,10.54229576515476,15.830350596243912,43.68764127301908,11
12099,44.60560502896469,13.151425778218876,3.9370039370059056,3.243454948045371,3.312099032335839,24.91244668835239,14.99766648515695,12.167990795525776,23.983536019528064,8.24257241399795,4.909175083453431,2.9949958263743874,2.821347195933177,5.547071299343465,8.138181615078395,32.12257772969037,11
10382,39.5717070645177,16.110245187457576,5.802585630561604,3.3674916480965478,3.6013886210738213,11.053958566956908,20.224490104820937,16.492422502470642,24.586378342488757,15.392855485581617,7.899367063252599,4.043513323831146,7.738216848861241,30.923777259578102,9.03603895520598,27.69133438460487,11
14898,13.632681321002115,6.552861970162351,2.379075450674064,2.3302360395462087,5.403702434442518,6.41482657598785,12.67004340955468,6.687301398920195,7.607890640644094,3.246536616149585,2.3108440016582685,3.207802986469088,3.0066592756745814,2.559296778413945,5.697367813297646,5.440588203494177,11
8764,21.138117229308765,5.732364259186605,2.785677655436824,2.0149441679609885,5.993329625508679,5.44609952167604,7.93536388579629,9.074690077352503,7.723341245859851,5.768015256567895,2.7202941017470885,3.3778691508109078,6.059702963017247,19.41854783448031,3.956008088970497,10.911920087683926,12
5763,7.65963445602987,19.27615106809448,4.965883607174055,1.8138357147217052,1.5684387141358125,4.744470465710584,5.460769176590419,10.035935432235505,9.671090941563936,22.202252138015183,6.295236294214857,2.2561028345356955,2.3043437243605824,9.05428075553216,2.6095976701399777,6.114736298484179,12
22472,9.353074360871938,6.775691846593969,2.280350850198276,1.746424919657298,2.262741699796952,2.778488797889961,5.104899607240087,11.111255554616678,7.0156966867161525,4.715930449020639,2.3430749027719964,2.154065922853801,2.009975124224178,5.18844870842914,6.3608175575157,13.312024639400274,12
24970,6.163602842493991,2.3323807579381204,1.5874507866387544,1.3527749258468684,2.102379604162864,2.0149441679609885,4.58475735453906,9.276852914647296,3.8548670534792766,3.059411708155671,1.752141546793523,2.8930952282978866,2.9597297173897483,3.914077158156185,6.089334939055331,7.592101158440923,12
28650,2.6019223662515376,9.423375191511797,3.9597979746446654,7.19027120489902,3.872983346207417,9.936297097007516,6.155485358604957,16.46693656998775,15.964022049596398,6.9699354372906495,3.235737937472688,3.269556544854363,16.47573974060042,4.440720662234903,5.62316636780382,16.63430190900718,12
7037,4.546427168667722,3.069201850644561,4.870318264754368,1.7888543819998317,1.4594519519326423,1.452583904633395,1.6155494421403511,5.62672195865408,4.605431575867782,4.795831523312719,8.413085046521282,2.336664289109585,1.4177446878757824,1.3638181696985856,1.705872210923198,3.057776970284131,12
34029,15.112246689357608,11.34063490286148,4.09878030638384,2.4899799195977463,2.8722813232690143,2.4919871588754225,9.940321926376429,15.807276805319756,11.155267813907471,7.294518489934754,2.6888659319497505,1.992485884517128,2.01246117974981,4.464302857109943,12.410479442793498,7.974333827975852,12
29310,2.9086079144497976,6.989277502002621,5.412023651093923,10.558882516630252,4.92645917470144,15.05988047761336,6.187083319303208,4.323193264243457,10.877499712709715,7.685701009016679,3.858756276314947,4.794788837894741,21.383638605251445,7.976214641043708,5.709640969448079,8.128345465099278,12
156,12.056533498481228,3.9484174044799274,1.6911534525287764,1.5362291495737217,3.0789608636681307,4.410215414239989,8.227393268830657,9.211948762341224,8.103702857336268,3.770941526992961,2.345207879911715,1.743559577416269,1.8708286933869709,3.366006535941367,5.811196090307055,12.538341198101127,12
12338,23.542514733987108,13.399626860476378,2.961418578992169,2.1908902300206643,2.2181073012818837,11.839763511151732,11.505216208311776,8.376753547765388,12.773018437315434,5.697367813297646,3.2015621187164243,2.449489742783178,2.6814175355583845,5.113707070218238,8.701149349367588,7.653103945458993,12
4608,18.7464663336854,28.00499955365113,12.561846997953763,3.861346915261565,2.9698484809834995,2.896549671592048,5.176871642217914,26.23623448591661,13.11411453358556,36.24030904945486,20.425963869546035,7.497332859090624,7.128814768248646,6.572670690061994,9.445104552094698,11.901680553602503,12
29744,5.774945887192364,45.109865883196775,7.624303246854758,46.76911373973212,15.97936168937921,48.14976635457331,15.24598307751914,31.91755003129156,34.1940053225708,35.33426099411165,8.052328855678958,23.26972281742952,54.47696761017448,15.75150786432842,18.743532217807825,38.29791117019308,12
20536,17.004117148502594,12.27762191957384,3.38673884437522,2.879236009777593,2.9410882339705484,8.525256594378847,11.034491379306978,18.983413813115916,14.197534997315556,10.26888504171704,4.561797891182818,4.39317652729776,4.0828911325187205,7.867655305108378,10.572606112023658,21.42755235672054,12
19841,14.625320509308503,8.76013698523031,2.8930952282978866,2.19317121994613,2.543619468395381,7.937253933193772,10.311159003720192,15.095032295427526,10.14248490262618,8.519976525789259,3.4942810419312296,3.0919249667480613,2.751363298439521,7.7272245987806,9.883825170448938,15.477079827926197,12
4229,5.371219600798314,6.466838485689897,5.015974481593781,2.9206163733020465,3.9,3.51283361405006,3.455430508634199,10.143963722332607,8.78521485223896,19.925109786397663,10.469479452198184,10.63249735480804,8.556284240252891,5.52630075185924,5.933801479658719,8.336066218546971,12
32179,11.826664787673655,16.830923919975397,5.367494760127856,2.6267851073127395,3.642801120017397,3.5242020373412197,8.282511696339462,11.380246043034395,10.016486409914409,8.351646544245034,3.2326459750489227,3.887158345115362,3.608323710533743,3.248076353782343,8.941476388158724,5.410175597889592,12
20436,13.07440247200613,9.807140255956371,3.003331483536241,2.293468988235943,2.154065922853801,4.272001872658765,6.385138996137829,13.537725067381151,13.981416237277251,7.386474125047755,3.3196385345395663,2.701851217221259,2.624880949681337,5.458021619598076,9.037145567047151,19.65146304985967,12
33135,7.941032678436729,7.0398863627192165,3.991240408695021,2.080865204668481,2.463736998950984,2.0591260281974,5.399073994677235,11.479982578383993,7.165193647069143,6.979254974565695,2.3151673805580453,1.9467922333931784,2.2671568097509267,2.4392621835300936,6.694774081326419,6.705967491719595,12
25108,2.5039968051097827,13.4740491315714,2.3769728648009427,2.6608269391300143,3.60416425818802,10.332956982393762,11.3964906879267,14.433294842134972,20.86648029735729,12.292273996295396,3.730951621235526,3.7643060449437424,10.949429208867466,5.420332093147061,6.863672486358888,21.25441130683228,12
17413,14.137185009753534,6.629479617586889,2.2605309110914638,2.0445048300260877,2.349468024894146,6.073713855624086,9.458329662260669,18.134773227145686,7.070360669725414,4.253234063627348,2.56124969497314,2.4392621835300936,2.932575659723036,5.4836119483420775,6.680568838055634,16.023420358962067,12
12287,23.542514733987108,13.399626860476378,2.961418578992169,2.1908902300206643,2.2181073012818837,11.839763511151732,11.505216208311776,8.376753547765388,12.773018437315434,5.697367813297646,3.2015621187164243,2.449489742783178,2.6814175355583845,5.113707070218238,8.701149349367588,7.653103945458993,12
8571,17.90446871593793,4.793745925682754,2.0952326839756963,1.8138357147217052,5.138093031466052,4.2731721238443,5.857473858242988,7.54983443527075,11.944454780357283,7.307530362578044,2.5199206336708304,2.570992026436488,3.997499218261337,6.340346993658944,2.86879765755621,9.620810776644555,12
5473,18.434478565991498,8.716650732936362,9.411163583744573,2.555386467836128,2.211334438749598,2.2068076490713917,2.968164415931166,19.72967308396163,13.104579352272244,30.480813637434288,17.61050822662424,6.663332499583072,4.029888335921977,3.0643106892089125,7.408778576796583,9.9503768772846,12
20759,15.427248620541512,9.539392014169456,2.85657137141714,2.1447610589527217,2.282542442102665,5.0079936102195655,8.758995376183275,17.49857137025763,9.921189444819609,6.55972560401729,2.603843313258308,2.374868417407584,2.083266665599966,4.190465367951393,6.53299318842443,15.09337603056387,12
13558,7.668767828015137,13.023440405668545,2.220360331117452,2.2847319317591723,13.951702405083044,5.049752469181039,2.99833287011299,4.866210024238575,14.767531953579786,8.249242389456137,4.349712634186309,5.881326381013046,8.622644605919925,1.8788294228055933,1.7804493814764857,3.0512292604784714,12
32011,14.03958688850922,20.09552188921701,7.744029958619737,3.388214869219483,5.2583267300539625,4.467661580737736,8.181075723888638,18.082311799103564,14.72345068249967,11.919312060685382,3.738983819167984,4.02119385257662,4.982971001320397,3.9331920878594273,9.334345183246652,9.216832427683602,12
14489,16.155184926208676,28.201950287169858,6.522269543648131,4.313930922024598,28.370054635125395,19.842378889639217,5.559676249567056,11.397806806574676,26.939376384764365,27.41477703721116,9.262289133902051,16.25792114632126,29.163847482799657,5.196152422706632,4.581484475582123,8.453401682163221,12
13949,18.346116755324545,21.272987566395088,4.684015371452148,3.0903074280724887,20.778594755180148,18.82338970536391,9.247702417357514,9.711848433743189,18.912958520548813,21.348067828260245,6.978538528947161,12.956079653969406,16.967616214424464,5.143928459844674,4.195235392680607,9.15969431804359,12
15880,7.94921379760288,10.116323442832382,3.994996871087636,2.7982137159266447,18.32293644588661,9.538867857350787,3.189043743820395,5.172040216394301,11.104503590885995,13.198863587445702,6.999285677838847,8.312039460926542,16.349006085998013,2.3685438564654024,2.181742422927143,4.2485291572496005,12
2213,9.311283477587825,6.73349834781297,2.6907248094147422,2.004993765576342,1.705872210923198,2.213594362117865,11.876026271442818,9.888377015466189,5.430469592954186,6.97065276713738,4.404543109109048,2.2561028345356955,2.227105745132009,4.180908992073374,16.555663683464942,16.200925899466366,12
14619,4.125530268947253,11.720494870098277,2.467792535850613,1.918332609325088,11.1584049039278,5.939696961966999,1.8083141320025125,2.592296279363144,10.13015300970326,8.218880702382776,2.7073972741361767,6.456004956627589,11.479547029391012,1.8248287590894656,1.7233687939614086,2.98496231131986,12
29131,4.659399102888698,33.5189498642186,9.17605579756357,16.23730273167314,18.686091084012197,49.70975759345443,13.72880184138441,12.014990636700473,31.154774914930776,25.288337232803585,8.957120072880569,15.7044579658134,51.138537327538025,13.082430966758434,10.142977866484772,11.81228174401542,12
12808,28.344135195839016,33.23477094851114,7.434379597518545,4.194043395102153,24.072598530279198,14.93151030539108,10.87658034494298,14.317471843869644,35.126485733702424,32.04262785727787,9.44828026679988,14.201408380861386,14.843853947004463,8.382720322186588,5.131276644267,18.090052515125542,12
26873,2.355843797877949,2.4515301344262523,2.511971337416094,2.3302360395462087,2.227105745132009,5.97829407105405,7.262231062146123,5.678908345800274,8.011242100947893,3.286335345030997,3.138470965295043,2.3043437243605824,8.459314393022641,6.449030934954491,5.684188596448926,6.564297372910524,12
31627,7.22841614740048,5.110772935672255,2.297825058615212,1.63707055437449,1.982422760159901,1.7233687939614086,5.113707070218238,12.150720143267227,2.8722813232690143,2.677685567799177,3.1240998703626617,2.118962010041709,2.1977260975835917,4.31161222746202,3.75099986670221,4.980963762164908,12
31471,10.807404868885037,13.519985207092498,4.70425339453563,2.3302360395462087,2.3579652245103198,2.4515301344262523,8.392258337301111,15.891821796131492,12.929810516786391,8.346855695410099,2.951270912674741,3.132091952673165,2.80178514522438,4.762352359916263,11.095494581135174,11.16288493177279,12
24620,11.161093136427096,7.998124780221924,2.99833287011299,1.8894443627691184,2.6057628441590768,3.472751070837068,8.067217612039482,12.292273996295396,7.215954545311383,7.073188814106407,4.426059195266146,4.1303752856126765,3.168595903550972,5.812916651733448,10.723339032223125,12.70078737716682,12
29269,2.8861739379323623,29.923569305816443,5.3113086899558,5.893216439263028,12.140016474453402,38.966010829952815,11.087380213558117,10.903210536351208,32.03263960400391,21.585180101171268,5.953990258641679,11.439405578962573,40.30831179794063,11.817783210061014,10.543244282477762,9.02219485491197,12
19177,12.272326592785902,6.04648658313239,2.414539293529927,2.1142374511865976,1.994993734326,4.829078587059854,8.332466621595312,12.620221868097248,6.761656601750786,5.334791467339656,2.233830790368868,1.6852299546352716,1.7233687939614086,3.3136083051561784,4.87134478352744,10.488565202161828,12
6146,19.03155274800246,9.511571899533749,9.435570994910696,3.2924155266308657,2.4413111231467406,2.262741699796952,3.298484500494129,22.22273610516941,17.551068343551055,34.216516479618434,18.37498299318941,6.307138812488591,4.008740450565489,3.0413812651491097,9.244998647917695,12.414104881142258,12
2910,11.550757550914138,7.842831121476478,3.043024810940588,2.5,2.3323807579381204,2.703701166919154,12.222929272478018,9.74422906134703,8.047981113297919,9.325770745627407,4.731807265728392,2.5806975801127883,2.227105745132009,3.9673668849754735,16.954645381133748,15.468354792931278,12
1420,9.09945053286186,3.971145930332956,1.8,1.6822603841260722,2.345207879911715,3.562302626111375,5.884725991921799,5.994997914928745,5.939696961966999,3.706750598570128,2.0420577856662137,1.5329709716755893,1.862793601019716,3.151190251317746,12.111564721372709,13.61433068498044,12
14519,8.84929375713113,23.74826309438229,4.531004303683677,3.903844259188627,25.90772085691831,17.51485084150019,3.8223029707232783,6.445153217728808,16.288339387426824,18.7731190802168,5.758472019555187,12.098346994527809,18.862661530123475,4.46318272088428,4.21307488658818,6.028266749240614,12
26443,2.99833287011299,15.46641522784126,2.988310559496787,3.189043743820395,7.095773389842717,23.004564764411437,14.588351517563591,18.64376571403964,24.359187178557494,14.476187343358058,3.762977544445356,7.0929542505221335,27.32855649316297,12.571396103854177,9.743202758846806,20.613830308799965,12
30190,3.271085446759225,21.87144256787833,7.8051265204351425,38.322186785203165,6.196773353931867,20.870074269153907,6.472248450113763,5.946427498927402,15.648961626893971,16.107141273360707,6.015812497078013,5.303772242470448,28.32719541359504,7.874007874011811,5.428627819255985,9.91110488290786,12
32392,8.386298349093002,5.240229002629561,2.5748786379167465,1.8867962264113207,2.1702534414210706,2.080865204668481,3.077336510685824,12.621014222319852,2.932575659723036,3.348133808556641,2.3811761799581315,1.8466185312619388,1.8,1.6822603841260722,2.570992026436488,4.1303752856126765,12
9145,12.404837765968566,4.159326868617084,2.080865204668481,1.5716233645501712,1.6186414056238645,2.01246117974981,2.4919871588754225,4.424929377967517,3.963584236521283,3.1256999216175565,1.997498435543818,1.7233687939614086,1.7175564037317668,7.937883848986454,2.603843313258308,6.674578638386096,12
28433,2.567099530598687,9.871170143402452,6.994283380018285,15.42076522096099,3.994996871087636,14.0017856004154,3.3075670817082456,7.341661937191061,15.88238017426859,6.586349520030045,6.2960304954788775,5.561474624593733,24.051611172642883,4.640043103248073,6.121274377121156,8.033679107357974,12
10841,11.50565078559227,3.439476704383968,2.039607805437114,1.6552945357246849,1.5588457268119895,3.1480152477394387,3.264965543462901,3.6193922141707713,3.8768543949960255,2.6907248094147422,1.7916472867168918,1.711724276862369,2.353720459187964,5.639148871948674,1.8138357147217052,5.200961449578338,12
28366,3.0380915061926625,13.820998516749794,13.381703927377858,12.671227249165726,5.892367945062494,22.392409428196867,4.9668903752750575,8.579044235810887,18.636254988596825,12.404434690867618,7.064700984472025,7.143528539874395,27.592209045308422,6.125357132445422,8.752713864853575,12.55109556971024,12
11342,16.65743077428209,3.976179070414209,2.3685438564654024,1.7291616465790582,2.1563858652847827,5.501817881391568,7.064700984472025,6.6588287258345975,6.719374970932936,5.399073994677235,2.4228082879171438,2.177154105707724,8.962142600963231,15.228591530407533,3.028200785945344,9.25526876973327,12
26937,2.5942243542145698,7.672027111526653,4.246174749112429,1.992485884517128,3.348133808556641,6.991423317179415,3.0724582991474434,4.882622246293481,11.542096863222037,6.979254974565695,2.630589287593181,2.220360331117452,8.81986394452885,5.110772935672255,4.274342054632502,7.635443667528429,12
17464,14.137185009753534,6.629479617586889,2.2605309110914638,2.0445048300260877,2.349468024894146,6.073713855624086,9.458329662260669,18.134773227145686,7.070360669725414,4.253234063627348,2.56124969497314,2.4392621835300936,2.932575659723036,5.4836119483420775,6.680568838055634,16.023420358962067,12
13930,18.346116755324545,21.272987566395088,4.684015371452148,3.0903074280724887,20.778594755180148,18.82338970536391,9.247702417357514,9.711848433743189,18.912958520548813,21.348067828260245,6.978538528947161,12.956079653969406,16.967616214424464,5.143928459844674,4.195235392680607,9.15969431804359,12
10276,24.21838144880867,6.053924347066125,2.6795522013948525,2.364318083507378,4.319722213291035,14.507928866657709,8.217055433669655,10.153324578678651,5.959865770300536,4.983974317750845,2.5514701644346145,3.111269837220809,13.339790103296227,23.450159914166896,3.2031234756093934,9.233092656309694,12
4078,5.988321968631947,9.16624241442479,5.574943945906542,2.884441020371192,4.362338822237447,4.756048780237646,4.5902069670114,8.037412518964047,10.1,25.75286391840721,14.755338017138069,12.222929272478018,9.735502041497398,6.091797764207213,5.918614702783076,9.118113840043891,12
23230,9.16951470907812,7.705841939723395,2.958039891549808,2.0322401432901573,2.677685567799177,4.034848200366403,6.795586803212803,10.34117981663601,9.306986622962343,8.957120072880569,3.744329045369811,3.087069808086626,2.9765752132274432,5.911852501542981,8.283718971573094,14.021768789992224,12
3664,12.764403628842205,10.028459502834918,3.770941526992961,2.39791576165636,2.151743479135001,3.844476557348217,17.075128110793194,10.379306335203715,8.931965069345043,13.841603953299632,5.721887800367987,2.9171904291629644,4.498888751680797,4.924428900898052,17.605396899814558,17.947423213375227,12
9092,12.404837765968566,4.159326868617084,2.080865204668481,1.5716233645501712,1.6186414056238645,2.01246117974981,2.4919871588754225,4.424929377967517,3.963584236521283,3.1256999216175565,1.997498435543818,1.7233687939614086,1.7175564037317668,7.937883848986454,2.603843313258308,6.674578638386096,12
10642,16.232067027954265,5.195190083144215,2.2045407685048604,1.5099668870541498,2.2045407685048604,5.624055476255546,4.435087372307337,6.191122676865643,6.477653896280659,4.898979485566356,2.4248711305964283,2.8930952282978866,12.9352232296161,16.221590550867692,3.6221540552549674,11.237882362794158,12
34244,12.08801058900926,11.349008767288886,3.656501059756444,2.23159136044214,2.5258661880630178,2.56124969497314,8.79431634636826,16.0464949443796,11.823282116231516,7.0844901016234045,2.824889378365107,2.374868417407584,1.982422760159901,3.7735924528226414,11.02905254316979,7.7110310594628,12
26392,3.402939905434711,17.124251808473268,3.968626966596886,14.05809375413324,17.281203661782357,33.394909791763176,20.590774633315768,20.94755355644186,27.143139096279928,18.444782460088813,5.702630971753301,8.604649905719581,37.3707104561848,17.61561807033747,16.19104690870853,25.874504826179766,12
27064,2.4657656011875906,16.436848846418222,2.4919871588754225,2.5219040425836985,2.826658805020514,8.02932126645833,7.62954782408499,7.638717169787085,10.972693379476162,8.193289937503737,2.5942243542145698,2.443358344574124,10.07273547751553,6.514598989960932,3.907684736515984,10.761505470890214,12
27852,2.412467616362964,6.902173570694959,2.0371548787463363,2.6343879744638983,2.495996794869737,6.712674578735364,10.788419717456303,13.440982106974175,15.452507887071276,7.044856279584418,2.29128784747792,2.9765752132274432,9.813256340277675,7.992496481075234,9.558242516278815,11.114405067298923,12
17568,14.602054649945671,6.3039670049897945,3.3734255586866,2.195449840010015,2.0322401432901573,5.527205442174192,8.805679985100527,15.998124890123842,6.410148204214939,5.707013229352111,3.046309242345563,2.1,2.188606862823929,5.489080068645383,5.993329625508679,12.850680915811424,12
33420,10.664895686315925,14.30873858870865,4.8342527861087286,2.808914381037628,3.749666651850535,3.556683848755748,7.159608927867499,15.845504094221806,11.157956802210698,9.683491106000975,3.3000000000000003,2.958039891549808,3.752332607858744,5.938013135721409,13.011917614248867,8.67179335547152,12
32173,11.826664787673655,16.830923919975397,5.367494760127856,2.6267851073127395,3.642801120017397,3.5242020373412197,8.282511696339462,11.380246043034395,10.016486409914409,8.351646544245034,3.2326459750489227,3.887158345115362,3.608323710533743,3.248076353782343,8.941476388158724,5.410175597889592,12
21147,11.694443124834974,10.74011173126239,3.4971416900091423,2.2293496809607958,2.0074859899884734,3.056141357987225,4.4328320518603,6.894200461257274,13.99142594591416,4.919349550499537,2.5079872407968904,2.336664289109585,2.4020824298928627,4.874423042781577,6.697760819856141,11.760952342391326,12
3636,12.764403628842205,10.028459502834918,3.770941526992961,2.39791576165636,2.151743479135001,3.844476557348217,17.075128110793194,10.379306335203715,8.931965069345043,13.841603953299632,5.721887800367987,2.9171904291629644,4.498888751680797,4.924428900898052,17.605396899814558,17.947423213375227,12
13642,14.431216164966832,19.95419755339713,4.883646178829912,3.3421549934136805,25.18928343562,34.79152195578687,8.051707893360264,12.407658925034973,25.06052673029839,24.302674749911787,7.931582439841371,11.70341830406826,15.058884420832774,4.017461885320134,5.333854141237834,14.741099009232656,12
4105,5.988321968631947,9.16624241442479,5.574943945906542,2.884441020371192,4.362338822237447,4.756048780237646,4.5902069670114,8.037412518964047,10.1,25.75286391840721,14.755338017138069,12.222929272478018,9.735502041497398,6.091797764207213,5.918614702783076,9.118113840043891,12
30103,4.947726750741193,41.36121371526711,7.517313349861106,7.19374728496908,10.620734437881405,38.11456414548119,8.691375035056305,14.82194319244275,26.21449980449751,25.057533797243494,6.661080993352355,16.107451691686055,46.59109356947956,12.216791722870616,9.696906723280367,23.41879586998444,12
6464,9.216289925995166,8.48999411071645,6.487680633323438,2.154065922853801,1.8973665961010275,2.355843797877949,2.56124969497314,13.380209265927046,9.535722311393092,11.276967677527502,10.992724866929036,3.3600595232822883,2.1118712081942874,2.3853720883753127,3.74299345444258,7.504665215717488,12
1337,7.09013399027127,3.9597979746446654,1.8138357147217052,1.40356688476182,3.481379037105842,3.871692136521188,5.336665625650533,5.637375275782161,4.744470465710584,2.925747767665559,1.9313207915827968,1.5684387141358125,1.7549928774784245,2.65329983228432,6.185466837676846,7.409453421137082,12
9805,17.863090438107285,5.70350769263968,2.6870057685088806,2.1118712081942874,1.705872210923198,2.745906043549196,4.038564101261734,7.451174404078864,4.47213595499958,3.0446674695276656,2.0663978319771825,1.8547236990991407,2.4372115213907883,10.516653460107923,2.9171904291629644,6.966347680097513,12
11009,13.193180056377614,3.8288379438153295,2.1587033144922905,1.51657508881031,1.676305461424021,3.7,4.939635614091388,4.468780594300866,4.485532298401161,4.928488612140643,2.0591260281974,1.977371993328519,3.924283374069717,13.70729732660673,2.3388031127053,6.4621977685614045,12
15570,15.988120589988055,26.592292116325737,7.293833011524188,5.514526271584895,41.86227418571524,27.67941473369695,10.186265262597477,8.503528679318956,26.48999811249521,34.9243468084945,8.717797887081348,21.58286357275141,33.95364487061735,8.073413156775764,5.755866572463264,9.356281312572854,12
12498,26.439742812667447,36.29559201886642,6.586349520030045,5.616938667993447,21.190563937753048,23.293561342139164,18.076504086797318,12.924782396620843,30.91504488109309,25.65521389503506,7.001428425685718,17.84208507994511,15.673544589530474,9.28654941299512,11.1,15.321227104902531,12
6938,9.54829827770373,5.631163290120435,5.406477596365308,2.353720459187964,1.4422205101855958,1.3711309200802089,1.7635192088548397,10.039920318408909,6.688796603276257,4.349712634186309,10.274239631233058,2.826658805020514,1.5684387141358125,1.5937377450509227,2.5199206336708304,5.591064299397745,12
31408,12.71416532848303,13.664552682030978,4.504442251822083,2.487971060924946,2.882707061079915,2.961418578992169,7.846655338422862,17.519417798545703,12.644761761298628,8.34445923951936,3.263433774416144,3.170173496829472,2.572936066053721,4.182104733265296,11.167810886650972,12.432216214336044,12
20806,11.739250401963492,8.237718130647588,2.278157149978904,1.972308292331602,1.949358868961793,5.501817881391568,8.12526922630875,12.312595177297109,9.604686356149273,5.707013229352111,2.3579652245103198,1.9748417658131496,2.071231517720798,3.8340579025361623,6.087692502089769,14.137892346456738,12
8639,17.90446871593793,4.793745925682754,2.0952326839756963,1.8138357147217052,5.138093031466052,4.2731721238443,5.857473858242988,7.54983443527075,11.944454780357283,7.307530362578044,2.5199206336708304,2.570992026436488,3.997499218261337,6.340346993658944,2.86879765755621,9.620810776644555,12
16780,17.75274626642312,3.762977544445356,2.505992817228333,2.073644135332772,2.1118712081942874,3.8483762809787714,6.581793068761733,16.718253497300488,7.918964578781749,6.549045732013177,2.4979991993593598,2.0615528128088303,1.9621416870348585,2.9563490998188966,5.457105459856901,14.300349646075093,12
21192,11.694443124834974,10.74011173126239,3.4971416900091423,2.2293496809607958,2.0074859899884734,3.056141357987225,4.4328320518603,6.894200461257274,13.99142594591416,4.919349550499537,2.5079872407968904,2.336664289109585,2.4020824298928627,4.874423042781577,6.697760819856141,11.760952342391326,12
6822,9.003332716277901,5.966573556070519,5.9924953066314535,2.6870057685088806,1.5588457268119895,1.5427248620541512,2.2293496809607958,14.91945039202182,10.220078277586722,12.256834827964354,10.700467279516348,3.5454195802471675,2.0346989949375804,2.147091055358389,5.384236250388722,6.650563885867122,12
6546,16.140631957888143,18.752866447559423,9.554580053565934,3.104834939252005,1.96468827043885,1.9313207915827968,2.8896366553599777,24.4687555874834,15.218081350814234,31.70031545584365,14.886571129712848,5.878775382679628,3.0083217912982647,2.837252191822221,7.22357252334328,9.531002045955084,12
3881,3.095157508108432,5.768015256567895,2.4186773244895647,1.6186414056238645,1.5132745950421556,1.40356688476182,1.7088007490635062,5.752390807307863,2.555386467836128,14.629422408283933,7.0078527381787925,2.3832750575625967,1.6340134638368191,1.445683229480096,1.89208879284245,3.167017524422623,12
4033,5.988321968631947,9.16624241442479,5.574943945906542,2.884441020371192,4.362338822237447,4.756048780237646,4.5902069670114,8.037412518964047,10.1,25.75286391840721,14.755338017138069,12.222929272478018,9.735502041497398,6.091797764207213,5.918614702783076,9.118113840043891,12
1115,10.917417276993676,5.815496539419485,2.8653097563788807,2.495996794869737,2.1354156504062622,4.521061822182927,11.933147112141038,9.515250916292224,8.108020720249794,9.500526301210895,4.685082710048992,2.7676705006196096,2.7313000567495327,4.421538193886829,10.670520137275409,16.688618876348038,12
24520,12.51718818265508,10.806016842481784,3.243454948045371,2.2427661492005804,2.9171904291629644,3.797367509209505,7.830708780180757,10.2230132544177,10.06628034578811,7.335529974037323,4.12674205639267,4.103656905736639,3.2046840717924128,6.587867636800241,11.090987332063817,13.058330674324342,12
20117,12.435031162003575,6.660330322138685,2.3664319132398464,1.786057109949175,1.89208879284245,2.8442925306655784,4.726520919238589,12.4631456703354,7.994373021069257,3.552463933666322,1.8193405398660247,1.8681541692269408,1.5231546211727816,1.6822603841260722,2.6981475126464085,10.609901036296238,12
10055,14.022838514366482,3.850973902793941,2.0024984394500787,1.8303005217723127,1.70293863659264,2.6476404589747453,3.366006535941367,5.663038053907108,6.383572667401852,4.308131845707603,2.7748873851023217,2.227105745132009,2.603843313258308,12.33774695801466,2.792848008753788,7.6589816555466435,12
29647,3.448187929913334,22.44749429223672,5.06951674225463,6.972087205421343,8.375559682791353,31.032402420695693,6.236184731067546,16.217274740226856,24.61077000014425,16.18394265931513,4.459820624195552,10.83789647487002,34.88509710463768,4.578209256903839,7.4357245780085215,23.696835231735054,12
23235,9.16951470907812,7.705841939723395,2.958039891549808,2.0322401432901573,2.677685567799177,4.034848200366403,6.795586803212803,10.34117981663601,9.306986622962343,8.957120072880569,3.744329045369811,3.087069808086626,2.9765752132274432,5.911852501542981,8.283718971573094,14.021768789992224,12
5918,16.00312469488381,26.107470195329157,13.422741895752894,3.7669616403674726,2.238302928559939,2.0518284528683197,2.8337254630609507,18.440715821247288,17.147011401407536,34.274917943008994,16.838942959699104,5.176871642217914,2.5787593916455256,2.2293496809607958,5.930430001273095,10.093562304756434,12
12191,12.857293649909378,3.8262252939417984,1.743559577416269,1.606237840420901,1.5652475842498528,2.513961017995307,2.4474476501040834,5.34696175411794,2.8530685235374214,2.7477263328068173,2.027313493271329,1.7916472867168918,1.70293863659264,3.1496031496047245,2.487971060924946,5.5533773507659285,12
23737,8.27526434623088,7.489993324429602,3.106444913401813,1.4966629547095769,1.841195263952197,3.2680269276736382,6.609841147864296,13.576818478568534,4.250882261366456,5.473572873361603,2.9410882339705484,2.1330729007701543,1.9131126469708992,4.960846701924985,8.318052656722005,7.42091638546076,12
9670,27.485996434548262,6.5069193939989765,2.874021572639983,2.5514701644346145,5.811196090307055,19.54993606127652,9.944847912361457,14.484819639885062,7.738862965578341,7.103520254071216,3.449637662132068,3.7282703764614498,15.038616957685967,22.34949663862701,5.841232746604093,15.768956845650887,12
31087,8.44866853415377,6.549809157525126,2.9546573405388314,1.63707055437449,1.783255450012701,1.7378147196982767,4.026164427839479,10.727534665523107,5.00999001995014,5.109794516416487,1.794435844492636,1.5748015748023625,1.4560219778561037,3.427827300200522,5.037856687123999,4.923413450036469,12
1558,8.555699854482976,5.374011537017761,3.052867504494749,2.297825058615212,1.7146428199482249,2.8035691537752374,8.432674546073743,7.1860976892886725,6.043177971895251,6.90724257573165,4.07308237088326,2.264950330581225,2.262741699796952,4.063249930782009,12.328828005937952,12.557467897629682,12
